34
0 0 0 0 0 7 19 9 0 0 0 0 0 19 0 11 0 0 0 6 0 0 0 18 7 0 11 6 0 4 0 0 0 0
0 0 7 0 0 6 19 0 7 0 0 0 0 16 0 0 11 0 0 0 0 0 0 0 9 0 0 0 0 7 0 0 0 0
18 0 0 6 0 0 0 0 0 0 0 16 0 15 0 0 7 0 0 15 17 2 0 0 0 0 0 17 19 7 2 15 10 0
0 0 13 0 1 0 0 6 0 6 19 0 17 6 0 2 16 0 12 0 6 0 0 6 17 0 14 0 13 0 0 0 4 12
0 0 4 16 0 6 0 10 0 16 5 6 0 0 0 0 0 3 0 0 0 12 11 0 4 0 0 8 13 0 1 14 0 0
0 0 0 18 0 0 0 17 0 4 0 0 6 0 0 0 0 2 0 0 0 9 0 5 0 0 0 2 0 19 0 6 0 7
0 0 6 0 9 11 0 13 0 0 4 19 0 0 0 8 0 0 10 6 4 11 0 0 15 18 0 7 17 19 12 0 18 0
0 11 0 0 11 0 0 0 0 1 0 10 19 0 6 13 16 0 8 0 0 9 18 0 4 15 4 18 15 0 0 1 0 0
0 2 0 11 18 0 0 17 0 0 0 0 0 11 0 0 0 0 0 0 0 13 0 12 0 14 6 0 0 0 0 0 5 0
0 4 5 0 7 0 17 0 2 0 18 0 12 1 11 15 0 3 16 18 0 0 11 0 0 0 0 0 0 0 10 15 0 0
0 1 1 3 4 0 0 16 0 10 0 10 0 0 0 0 0 0 0 11 19 19 1 0 0 0 9 2 0 15 0 0 0 0
16 0 16 0 9 0 0 18 18 8 0 0 2 0 17 0 17 1 3 16 9 0 7 16 12 0 0 0 0 0 16 0 19 0
0 0 0 5 10 0 0 1 18 3 16 4 0 12 0 8 0 4 0 0 19 0 0 11 9 14 2 17 0 0 0 14 5 15
7 13 0 0 4 16 0 8 13 2 10 0 0 0 0 0 1 0 18 0 0 9 0 0 14 7 16 5 0 0 0 0 11 0
11 0 10 17 19 12 0 0 0 0 0 14 1 18 0 17 0 0 13 0 4 5 15 0 9 8 13 19 16 17 4 0 0 8
0 6 17 0 1 12 9 6 0 0 0 10 14 4 18 0 1 9 0 9 0 19 16 0 0 18 2 5 0 0 0 16 1 11
0 0 0 0 8 0 0 16 8 9 0 0 17 5 0 10 0 0 9 0 0 18 0 6 0 3 0 0 16 0 0 0 0 0
0 0 12 0 0 0 5 0 10 1 0 0 4 0 0 12 7 0 0 0 6 0 0 0 10 0 9 0 0 0 0 0 18 9
0 16 0 11 9 0 0 0 0 0 0 0 0 7 19 0 13 0 0 13 7 0 0 3 12 12 2 0 0 0 16 9 0 0
15 10 2 3 0 0 11 0 19 12 4 0 0 3 0 2 0 0 9 0 0 0 0 14 0 0 19 0 18 5 0 0 14 1
8 0 0 0 0 0 0 18 0 0 0 0 0 0 0 0 0 12 0 14 0 0 0 10 4 0 0 0 0 0 0 12 5 9
0 0 0 0 0 0 0 9 15 0 7 0 0 14 0 0 0 0 0 0 16 0 0 18 3 0 17 0 14 1 16 18 0 0
5 0 17 0 0 16 0 0 0 0 2 0 0 0 8 7 0 0 0 7 15 19 0 0 0 6 15 0 0 2 16 8 0 19
14 0 1 0 18 15 0 0 0 18 0 0 14 9 0 0 11 0 2 10 6 0 0 0 13 0 10 11 13 16 9 0 15 18
17 3 0 0 17 14 0 5 8 13 16 0 0 15 0 16 0 0 6 0 0 3 13 15 0 18 7 0 0 0 0 7 3 7
18 6 0 0 0 4 0 0 7 5 0 0 0 6 1 0 15 0 1 0 0 0 10 0 8 0 0 12 0 11 12 0 0 4
3 14 1 11 0 0 2 7 5 0 5 0 0 11 0 0 9 0 0 11 17 17 0 8 0 11 0 0 0 0 1 10 9 12
0 0 3 7 0 0 3 8 0 7 5 12 0 3 0 4 9 0 0 10 0 7 10 15 0 0 0 0 0 5 0 0 15 15
0 0 15 14 3 0 0 4 1 9 0 17 0 0 8 15 0 0 0 1 6 12 10 0 0 16 0 12 0 12 12 0 0 0
0 0 6 0 0 2 0 0 5 0 0 18 7 0 0 13 7 0 5 11 15 10 0 0 0 17 0 15 3 0 0 12 0 0
0 0 15 4 0 0 0 7 8 17 0 1 10 1 8 0 10 0 10 0 0 16 4 17 0 10 2 0 0 0 0 17 8 1
9 17 0 6 0 0 0 0 6 17 3 4 5 4 11 19 0 10 11 7 0 0 0 0 0 0 8 0 5 1 0 0 5 0
0 0 0 15 6 0 0 17 0 0 0 0 10 0 15 0 19 0 0 0 0 18 0 0 0 9 18 4 11 19 11 0 0 0
0 0 0 3 8 16 0 14 0 0 0 0 0 0 18 0 14 18 18 5 0 0 13 0 0 0 9 6 18 0 12 3 9 0
