33
0 0 7 16 5 0 0 0 0 11 0 11 0 10 17 19 12 0 0 0 0 0 14 1 18 17 0 0 13 0 4 5 15
0 0 0 9 8 13 19 16 17 4 0 0 8 0 6 17 0 1 12 9 6 0 0 0 10 14 4 18 1 9 0 9 0
7 0 0 19 16 0 0 18 2 5 0 0 0 16 1 11 0 0 0 0 8 0 0 16 8 9 0 0 17 5 0 10 0
16 9 19 0 9 0 0 18 0 6 0 3 0 0 16 0 0 0 0 0 0 0 12 0 0 0 5 0 10 1 0 0 4
5 8 16 9 0 0 0 12 7 0 0 6 0 0 0 10 0 9 0 0 0 0 0 18 9 0 16 0 11 9 0 0 0
0 13 0 0 0 0 0 0 0 0 0 7 19 0 13 0 13 7 0 0 3 12 12 2 0 0 0 16 9 0 0 15 10
0 19 0 0 0 0 0 2 3 0 0 11 0 19 12 4 0 0 3 0 2 0 0 9 0 0 0 14 0 0 19 0 18
0 16 18 18 12 0 2 0 5 0 0 14 1 8 0 0 0 0 0 0 18 0 0 0 0 0 0 0 0 0 12 0 14
0 17 2 0 7 0 3 5 0 0 0 10 4 0 0 0 0 0 0 12 5 9 0 0 0 0 0 0 0 9 15 0 7
11 4 5 6 0 0 0 0 0 0 0 0 14 0 0 0 0 0 0 16 0 18 3 0 17 0 14 1 16 18 0 0 5
0 0 0 0 0 0 0 0 0 0 0 0 17 0 0 16 0 0 0 0 2 0 0 0 8 7 0 0 0 7 15 19 0
11 0 0 3 6 7 11 14 10 0 0 0 0 6 15 0 0 2 16 8 0 19 14 0 1 0 18 15 0 0 0 18 0
0 8 0 0 0 19 0 1 4 14 17 0 0 0 14 9 0 0 11 0 2 10 6 0 0 13 0 10 11 13 16 9 0
10 0 16 0 0 0 19 8 0 0 0 6 0 0 15 18 17 3 0 0 17 14 0 5 8 13 16 0 0 15 0 16 0
17 6 1 16 0 13 12 0 0 0 0 15 14 15 0 0 6 0 0 3 13 15 18 7 0 0 0 0 7 3 7 18 6
19 17 11 0 10 0 4 0 0 0 16 0 9 18 0 0 0 0 0 4 0 0 7 5 0 0 0 6 1 0 15 0 1
12 0 0 0 0 13 0 0 0 0 0 0 0 17 6 0 0 0 0 0 10 0 8 0 12 0 11 12 0 0 4 3 14
0 1 0 0 9 7 0 0 0 0 0 2 0 3 0 0 0 0 1 11 0 0 2 7 5 0 5 0 0 11 0 0 9
0 12 0 0 0 0 3 0 0 0 0 16 11 0 0 0 0 1 0 0 0 11 17 17 0 8 0 11 0 0 0 1 10
0 9 0 0 0 0 0 0 12 16 0 8 0 0 3 4 0 11 0 0 9 12 0 0 3 7 0 0 3 8 0 7 5
0 6 8 0 0 3 2 18 5 0 2 0 2 17 13 0 10 0 0 9 0 12 0 3 0 4 9 0 0 10 0 7 10
0 0 0 0 0 12 0 0 9 18 0 19 10 14 15 0 0 0 11 12 12 0 15 0 0 0 0 5 0 0 15 15 0
14 0 0 12 0 12 0 0 0 3 0 14 6 0 18 7 8 2 17 0 0 15 0 0 15 14 3 0 0 4 1 9 0
1 0 16 0 18 2 9 0 0 0 0 0 0 5 7 5 0 7 17 0 3 0 0 0 17 0 0 8 15 0 0 0 1
18 10 8 0 9 0 0 0 0 17 8 1 0 8 0 0 12 5 0 3 0 0 15 17 0 6 12 10 0 0 16 0 12
17 14 9 0 0 0 0 0 0 0 7 0 13 13 0 0 0 0 8 7 4 0 14 0 6 0 12 12 0 0 0 0 0
0 4 0 5 16 0 0 0 0 14 0 18 0 16 0 0 11 5 0 0 9 0 3 0 12 12 0 6 0 0 2 0 0
0 18 0 0 0 16 14 0 0 1 0 15 10 0 0 6 12 0 11 0 0 5 0 8 10 12 6 0 5 0 0 18 7
13 1 17 10 11 9 0 0 0 16 0 0 11 0 7 1 0 0 0 3 0 0 0 15 0 0 0 5 0 0 0 13 7
0 9 5 1 9 0 0 0 9 18 7 0 13 15 3 0 0 11 0 8 10 0 4 0 0 0 0 0 0 0 0 5 11
4 0 0 0 0 0 19 12 15 0 15 0 16 0 7 15 4 0 0 0 0 15 1 0 16 0 2 0 0 0 0 15 10
5 9 10 0 0 15 0 0 0 0 19 18 9 16 18 0 3 0 1 7 7 15 9 0 0 0 0 18 13 5 15 0 0
15 0 0 4 0 10 18 14 7 5 0 0 0 0 6 1 14 9 10 5 10 0 0 1 12 0 0 7 7 11 10 0 0
