28
0 7 0 18 9 15 18 0 11 0 16 0 3 18 0 0 0 0 0 0 17 16 0 10 10 12 4 0
7 0 19 0 0 2 0 0 7 4 0 2 0 3 0 0 0 0 10 1 10 0 0 0 0 0 0 8
0 19 0 0 0 0 0 2 0 0 0 0 19 0 0 13 1 0 14 0 19 19 0 13 8 0 6 0
18 0 0 0 0 0 0 0 0 0 0 5 0 18 12 0 0 9 0 0 0 6 13 0 15 19 4 11
9 0 0 0 0 0 5 0 10 0 0 0 0 0 16 10 0 0 0 0 0 5 0 0 0 0 18 0
15 2 0 0 0 0 0 0 1 16 0 14 0 9 16 0 0 0 4 5 7 0 1 0 0 4 0 0
18 0 0 0 5 0 0 0 0 2 0 0 12 0 0 0 0 0 8 13 8 0 0 6 0 0 0 0
0 0 2 0 0 0 0 0 9 0 13 17 12 0 12 0 8 9 0 0 0 0 0 0 10 0 0 0
11 7 0 0 10 1 0 9 0 0 19 19 0 0 0 7 0 11 14 12 7 0 9 0 9 15 0 0
0 4 0 0 0 16 2 0 0 0 9 7 0 0 3 0 10 0 0 9 0 0 2 0 3 1 10 16
16 0 0 0 0 0 0 13 19 9 0 17 0 0 0 0 14 0 18 0 0 0 0 0 0 0 0 0
0 2 0 5 0 14 0 17 19 7 17 0 6 0 10 0 13 7 0 0 0 12 0 0 10 9 0 1
3 0 19 0 0 0 12 12 0 0 0 6 0 0 7 0 0 0 0 0 0 6 0 17 19 18 3 18
18 3 0 18 0 9 0 0 0 0 0 0 0 0 17 3 18 14 9 0 18 0 8 0 17 13 0 0
0 0 0 12 16 16 0 12 0 3 0 10 7 17 0 17 9 2 0 7 2 0 0 0 17 1 14 7
0 0 13 0 10 0 0 0 7 0 0 0 0 3 17 0 11 17 0 0 0 0 1 0 0 0 19 0
0 0 1 0 0 0 0 8 0 10 14 13 0 18 9 11 0 0 0 0 0 10 0 0 17 16 0 0
0 0 0 9 0 0 0 9 11 0 0 7 0 14 2 17 0 0 7 17 0 11 10 0 0 0 3 4
0 10 14 0 0 4 8 0 14 0 18 0 0 9 0 0 0 7 0 5 0 15 14 8 18 2 0 0
0 1 0 0 0 5 13 0 12 9 0 0 0 0 7 0 0 17 5 0 10 14 0 6 3 0 0 19
17 10 19 0 0 7 8 0 7 0 0 0 0 18 2 0 0 0 0 10 0 2 8 10 0 0 6 17
16 0 19 6 5 0 0 0 0 0 0 12 6 0 0 0 10 11 15 14 2 0 13 13 0 11 0 0
0 0 0 13 0 1 0 0 9 2 0 0 0 8 0 1 0 10 14 0 8 13 0 16 15 0 0 0
10 0 13 0 0 0 6 0 0 0 0 0 17 0 0 0 0 0 8 6 10 13 16 0 0 1 5 13
10 0 8 15 0 0 0 10 9 3 0 10 19 17 17 0 17 0 18 3 0 0 15 0 0 0 5 0
12 0 0 19 0 4 0 0 15 1 0 9 18 13 1 0 16 0 2 0 0 11 0 1 0 0 0 5
4 0 6 4 18 0 0 0 0 10 0 0 3 0 14 19 0 3 0 0 6 0 0 5 5 0 0 0
0 8 0 11 0 0 0 0 0 16 0 1 18 0 7 0 0 4 0 19 17 0 0 13 0 5 0 0
