46
0 0 16 17 7 11 0 0 11 6 0 0 14 0 0 12 7 0 3 14 7 19 0 0 0 0 0 0 7 2 7 18 3 15 8 0 11 16 0 6 13 7 14 7 0 7
0 0 0 0 0 11 0 0 0 19 0 4 0 0 0 10 2 1 0 0 0 0 19 16 5 14 10 0 0 19 18 7 0 0 18 0 0 17 15 3 6 0 0 0 8 0
16 0 0 0 2 0 0 11 1 0 4 16 0 7 9 0 0 0 12 0 14 0 0 0 0 13 0 0 0 8 8 0 0 6 4 10 0 14 7 14 0 0 0 0 7 0
17 0 0 0 0 0 0 0 0 0 0 12 0 17 0 1 15 1 0 0 0 12 0 19 0 0 18 0 0 0 0 0 4 0 15 0 0 0 3 0 4 0 5 16 6 14
7 0 2 0 0 0 2 0 12 0 14 17 0 5 0 5 0 0 19 11 0 0 0 0 6 14 0 0 0 0 0 7 0 0 0 0 1 0 5 12 0 0 0 0 0 0
11 11 0 0 0 0 9 6 19 15 0 0 7 13 2 0 3 13 0 0 0 12 0 10 0 19 0 0 0 10 17 0 4 11 0 0 18 8 11 1 14 18 7 0 0 0
0 0 0 0 2 9 0 5 0 4 11 15 0 0 8 15 0 0 0 1 12 6 0 0 0 12 17 18 4 0 0 3 0 16 0 11 0 19 12 19 7 0 13 8 0 0
0 0 11 0 0 6 5 0 4 0 0 0 0 14 0 10 0 3 9 18 0 19 7 17 0 0 0 0 17 0 5 0 0 9 0 0 0 0 0 5 16 0 12 0 0 12
11 0 1 0 12 19 0 4 0 1 0 0 0 15 0 0 0 19 13 18 7 8 0 0 0 0 5 0 0 4 13 0 9 11 0 15 0 6 0 9 4 14 0 0 0 3
6 19 0 0 0 15 4 0 1 0 3 12 9 1 0 0 0 0 0 5 0 0 0 2 2 0 8 0 17 0 0 5 0 0 0 0 0 6 0 1 0 0 0 0 14 0
0 0 4 0 14 0 11 0 0 3 0 0 0 14 0 3 8 0 7 18 10 17 0 0 0 0 17 0 17 0 0 16 12 0 16 10 1 0 0 0 18 0 0 18 0 7
0 4 16 12 17 0 15 0 0 12 0 0 16 4 0 0 9 0 0 16 2 0 11 2 7 9 0 5 0 16 6 11 0 15 0 9 0 0 8 19 12 0 16 4 15 2
14 0 0 0 0 7 0 0 0 9 0 16 0 0 0 15 0 0 0 7 4 9 0 1 5 0 0 7 0 0 15 0 16 19 6 0 2 12 6 12 15 0 0 0 3 0
0 0 7 17 5 13 0 14 15 1 14 4 0 0 0 0 0 5 0 16 0 0 1 0 0 12 1 5 0 0 5 0 17 16 14 0 11 9 1 11 5 12 2 0 0 2
0 0 9 0 0 2 8 0 0 0 0 0 0 0 0 6 0 0 4 0 3 0 0 17 0 0 0 15 8 7 0 4 0 14 1 0 5 0 9 0 0 19 0 0 0 0
12 10 0 1 5 0 15 10 0 0 3 0 15 0 6 0 8 14 0 0 1 13 0 0 3 0 5 0 0 0 19 0 19 0 0 8 0 0 10 3 0 0 0 4 0 11
7 2 0 15 0 3 0 0 0 0 8 9 0 0 0 8 0 10 0 0 0 15 12 7 0 0 10 8 0 0 2 4 0 0 0 12 1 11 12 0 0 1 14 0 10 0
0 1 0 1 0 13 0 3 19 0 0 0 0 5 0 14 10 0 1 0 15 8 0 0 0 12 9 0 0 0 12 0 6 15 13 4 7 17 11 0 0 11 11 10 0 0
3 0 12 0 19 0 0 9 13 0 7 0 0 0 4 0 0 1 0 10 0 11 0 17 0 0 5 7 11 18 0 0 0 7 16 0 0 6 10 0 0 0 0 3 12 1
14 0 0 0 11 0 1 18 18 5 18 16 7 16 0 0 0 0 10 0 0 0 13 0 10 0 0 15 9 8 0 0 11 0 1 0 0 0 4 18 0 0 7 2 1 0
7 0 14 0 0 0 12 0 7 0 10 2 4 0 3 1 0 15 0 0 0 7 18 0 15 0 11 18 0 0 0 0 0 0 0 0 0 4 0 2 2 0 0 4 0 0
19 0 0 12 0 12 6 19 8 0 17 0 9 0 0 13 15 8 11 0 7 0 7 0 0 14 7 0 3 13 12 14 17 9 7 0 14 0 10 0 5 9 12 0 6 15
0 19 0 0 0 0 0 7 0 0 0 11 0 1 0 0 12 0 0 13 18 7 0 11 0 16 0 0 0 0 17 15 0 17 7 12 0 0 0 0 9 0 0 2 4 12
0 16 0 19 0 10 0 17 0 2 0 2 1 0 17 0 7 0 17 0 0 0 11 0 1 0 7 0 0 0 0 19 14 0 17 19 0 15 16 0 12 0 8 11 0 0
0 5 0 0 6 0 0 0 0 2 0 7 5 0 0 3 0 0 0 10 15 0 0 1 0 17 0 0 0 0 0 7 4 0 0 9 0 16 18 0 2 0 13 16 0 1
0 14 13 0 14 19 12 0 0 0 0 9 0 12 0 0 0 12 0 0 0 14 16 0 17 0 8 13 0 15 0 5 0 9 18 3 0 13 0 0 7 0 0 0 0 0
0 10 0 18 0 0 17 0 5 8 17 0 0 1 0 5 10 9 5 0 11 7 0 7 0 8 0 7 0 0 4 0 2 16 0 0 11 0 6 0 0 0 0 0 5 0
0 0 0 0 0 0 18 0 0 0 0 5 7 5 15 0 8 0 7 15 18 0 0 0 0 13 7 0 0 13 0 0 0 0 0 6 0 9 0 0 10 0 0 8 0 0
7 0 0 0 0 0 4 17 0 17 17 0 0 0 8 0 0 0 11 9 0 3 0 0 0 0 0 0 0 0 0 0 16 0 17 12 0 0 0 0 0 0 0 12 0 0
2 19 8 0 0 10 0 0 4 0 0 16 0 0 7 0 0 0 18 8 0 13 0 0 0 15 0 13 0 0 0 0 15 0 0 2 0 12 0 0 0 0 0 0 0 0
7 18 8 0 0 17 0 5 13 0 0 6 15 5 0 19 2 12 0 0 0 12 17 0 0 0 4 0 0 0 0 0 6 9 0 19 0 17 0 18 15 17 5 0 7 2
18 7 0 0 7 0 3 0 0 5 16 11 0 0 4 0 4 0 0 0 0 14 15 19 7 5 0 0 0 0 0 0 6 0 12 0 1 0 0 14 2 0 0 8 18 18
3 0 0 4 0 4 0 0 9 0 12 0 16 17 0 19 0 6 0 11 0 17 0 14 4 0 2 0 16 15 6 6 0 6 4 17 6 8 0 18 15 18 14 15 3 8
15 0 6 0 0 11 16 9 11 0 0 15 19 16 14 0 0 15 7 0 0 9 17 0 0 9 16 0 0 0 9 0 6 0 9 13 0 0 0 17 0 0 0 18 11 12
8 18 4 15 0 0 0 0 0 0 16 0 6 14 1 0 0 13 16 1 0 7 7 17 0 18 0 0 17 0 0 12 4 9 0 12 11 0 0 4 10 8 0 0 2 0
0 0 10 0 0 0 11 0 15 0 10 9 0 0 0 8 12 4 0 0 0 0 12 19 9 3 0 6 12 2 19 0 17 13 12 0 0 17 19 0 0 17 0 0 0 14
11 0 0 0 1 18 0 0 0 0 1 0 2 11 5 0 1 7 0 0 0 14 0 0 0 0 11 0 0 0 0 1 6 0 11 0 0 18 2 1 6 0 0 0 3 0
16 17 14 0 0 8 19 0 6 6 0 0 12 9 0 0 11 17 6 0 4 0 0 15 16 13 0 9 0 12 17 0 8 0 0 17 18 0 0 6 0 0 0 1 0 0
0 15 7 3 5 11 12 0 0 0 0 8 6 1 9 10 12 11 10 4 0 10 0 16 18 0 6 0 0 0 0 0 0 0 0 19 2 0 0 17 0 11 10 12 7 8
6 3 14 0 12 1 19 5 9 1 0 19 12 11 0 3 0 0 0 18 2 0 0 0 0 0 0 0 0 0 18 14 18 17 4 0 1 6 17 0 0 8 0 0 6 0
13 6 0 4 0 14 7 16 4 0 18 12 15 5 0 0 0 0 0 0 2 5 9 12 2 7 0 10 0 0 15 2 15 0 10 0 6 0 0 0 0 0 19 0 0 9
7 0 0 0 0 18 0 0 14 0 0 0 0 12 19 0 1 11 0 0 0 9 0 0 0 0 0 0 0 0 17 0 18 0 8 17 0 0 11 8 0 0 11 8 0 4
14 0 0 5 0 7 13 12 0 0 0 16 0 2 0 0 14 11 0 7 0 12 0 8 13 0 0 0 0 0 5 0 14 0 0 0 0 0 10 0 19 11 0 0 14 9
7 0 0 16 0 0 8 0 0 0 18 4 0 0 0 4 0 10 3 2 4 0 2 11 16 0 0 8 12 0 0 8 15 18 0 0 0 1 12 0 0 8 0 0 12 0
0 8 7 6 0 0 0 0 0 14 0 15 3 0 0 0 10 0 12 1 0 6 4 0 0 0 5 0 0 0 7 18 3 11 2 0 3 0 7 6 0 0 14 12 0 12
7 0 0 14 0 0 0 12 3 0 7 2 0 2 0 11 0 0 1 0 0 15 12 0 1 0 0 0 0 0 2 18 8 12 0 14 0 0 8 0 9 4 9 0 12 0
