36
0 1 10 0 0 0 10 0 16 8 0 0 3 0 3 14 2 0 17 11 0 0 0 18 6 0 0 0 0 4 2 19 8 0 0 15
1 0 0 9 4 0 0 13 0 0 0 0 8 0 16 2 14 0 0 0 18 0 0 19 0 0 0 3 0 18 5 0 17 9 0 0
10 0 0 0 15 3 9 9 13 0 0 19 0 14 6 0 0 0 16 18 1 3 0 0 0 0 15 18 0 13 13 14 0 0 0 6
0 9 0 0 0 18 11 0 0 5 4 0 11 0 0 0 11 14 0 0 0 10 0 2 8 0 0 0 0 0 0 0 8 15 0 0
0 4 15 0 0 0 0 0 15 14 0 0 0 0 12 0 6 19 0 9 0 4 0 0 0 6 0 12 0 0 13 3 19 9 9 0
0 0 3 18 0 0 12 0 0 0 0 16 4 0 0 0 0 0 0 0 0 0 0 7 19 9 0 0 0 0 0 19 0 11 0 0
10 0 9 11 0 12 0 0 6 0 0 0 18 7 0 11 6 0 4 0 0 0 0 0 7 0 0 6 19 0 7 0 0 0 0 16
0 13 9 0 0 0 0 0 0 0 11 0 0 0 0 0 0 0 9 0 0 0 0 7 0 0 0 0 18 0 6 0 0 0 0 0
16 0 13 0 15 0 6 0 0 0 0 16 0 15 0 0 7 0 0 15 17 2 0 0 0 0 0 17 19 7 2 15 10 0 0 0
8 0 0 5 14 0 0 0 0 0 13 1 0 0 6 0 6 19 0 17 6 0 2 16 0 12 0 6 0 0 6 17 0 14 0 13
0 0 0 4 0 0 0 11 0 13 0 0 0 0 4 12 0 0 4 16 6 0 10 0 16 5 6 0 0 0 0 0 3 0 0 0
0 0 19 0 0 16 0 0 16 1 0 0 12 11 0 4 0 0 8 13 0 1 14 0 0 0 0 0 18 0 0 17 0 4 0 0
3 8 0 11 0 4 18 0 0 0 0 12 0 6 0 0 0 0 2 0 0 0 9 0 5 0 0 0 2 0 19 0 6 0 7 0
0 0 14 0 0 0 7 0 15 0 0 11 6 0 0 6 0 9 11 13 0 0 4 19 0 0 0 8 0 0 10 6 4 11 0 0
3 16 6 0 12 0 0 0 0 6 4 0 0 0 0 15 18 0 7 17 19 12 0 18 0 0 11 0 0 11 0 0 0 1 0 10
14 2 0 0 0 0 11 0 0 0 12 4 0 6 15 0 19 0 6 13 16 0 8 0 0 9 18 0 4 15 4 18 15 0 0 1
2 14 0 11 6 0 6 0 7 6 0 0 0 0 18 19 0 0 0 0 2 0 11 18 0 0 17 0 0 0 0 11 0 0 0 0
0 0 0 14 19 0 0 0 0 19 0 0 0 9 0 0 0 0 0 0 0 13 0 12 0 14 6 0 0 0 0 0 5 0 0 4
17 0 16 0 0 0 4 9 0 0 4 8 2 11 7 6 0 0 0 5 0 7 0 17 0 2 18 0 12 1 11 15 0 3 16 18
11 0 18 0 9 0 0 0 15 17 16 13 0 13 17 13 0 0 5 0 0 0 11 0 0 0 0 0 0 0 10 15 0 0 0 1
0 18 1 0 0 0 0 0 17 6 6 0 0 0 19 16 2 0 0 0 0 1 3 4 0 0 16 0 10 10 0 0 0 0 0 0
0 0 3 10 4 0 0 0 2 0 0 1 0 0 12 0 0 13 7 0 1 0 0 11 19 19 1 0 0 0 9 2 0 15 0 0
0 0 0 0 0 0 0 0 0 2 10 14 9 4 0 8 11 0 0 11 3 0 0 0 0 16 0 16 0 9 0 0 18 18 8 0
18 19 0 2 0 7 0 7 0 16 0 0 0 19 18 0 18 12 17 0 4 11 0 0 2 0 17 0 17 1 3 16 9 0 7 16
6 0 0 8 0 19 7 0 0 0 16 0 5 0 0 0 0 0 0 0 0 19 0 2 0 12 0 0 0 0 0 16 0 19 0 0
0 0 0 0 6 9 0 0 0 12 5 0 0 0 0 9 0 14 2 0 0 19 16 0 12 0 0 0 5 10 0 0 1 18 3 16
0 0 15 0 0 0 0 0 0 0 6 0 0 0 11 18 17 6 18 0 16 1 0 17 0 0 0 4 12 0 8 0 4 0 0 19
0 3 18 0 12 0 6 0 17 6 0 0 0 8 0 0 0 0 0 0 0 0 16 0 0 0 4 0 0 0 11 9 14 2 17 0
0 0 0 0 0 0 19 18 19 0 0 18 2 0 0 4 0 0 12 0 10 0 0 17 0 5 12 0 0 0 0 14 5 15 7 13
4 18 13 0 0 0 0 0 7 0 0 0 0 0 11 15 0 0 1 0 10 0 9 1 0 10 0 0 0 0 0 0 4 16 0 8
2 5 13 0 13 0 7 6 2 6 0 0 19 10 0 4 0 0 11 10 0 9 0 3 0 0 8 11 0 0 0 13 2 10 0 0
19 0 14 0 3 19 0 0 15 17 0 17 0 6 0 18 11 0 15 15 0 2 0 16 16 0 0 9 14 0 13 0 0 0 1 0
8 17 0 8 19 0 0 0 10 0 3 0 6 4 0 15 0 5 0 0 0 0 18 9 0 1 4 14 5 4 2 0 0 18 0 0
0 9 0 15 9 11 0 0 0 14 0 4 0 11 1 0 0 0 3 0 0 15 18 0 19 18 0 2 15 16 10 0 18 0 9 0
0 0 0 0 9 0 0 0 0 0 0 0 7 0 0 0 0 0 16 0 0 0 8 7 0 3 0 17 7 0 0 1 0 9 0 0
15 0 6 0 0 0 16 0 0 13 0 0 0 0 10 1 0 4 18 1 0 0 0 16 0 16 19 0 13 8 0 0 0 0 0 0
