105
0 0 0 0 14 0 0 12 0 0 0 15 15 0 0 10 0 0 0 3 0 0 0 0 2 0 2 0 11 0 15 0 14 7 4 18 13 0 0 3 13 7 18 0 0 12 0 15 0 0 12 17 2 0 17 0 0 0 0 0 19 0 16 6 0 14 0 0 0 5 0 8 0 0 11 12 0 0 0 3 15 0 0 11 15 0 8 0 18 18 0 11 0 0 0 0 3 0 0 18 10 6 12 0 0
0 0 13 0 0 9 0 0 0 0 0 8 0 0 0 15 0 10 10 6 0 0 0 0 0 19 16 16 0 14 0 19 0 11 0 0 0 12 8 13 6 17 0 0 8 14 0 0 0 0 16 0 0 0 0 13 0 11 0 0 8 0 0 0 2 0 0 0 0 18 0 8 0 0 16 0 0 0 17 0 0 0 14 1 11 1 0 14 16 0 0 0 0 3 0 12 9 0 2 2 0 0 12 8 5
0 13 0 11 0 14 0 6 5 0 0 0 18 13 0 0 11 0 0 5 0 13 0 0 0 5 16 0 11 0 0 0 0 0 0 0 0 3 0 0 0 0 0 0 14 14 3 0 0 0 0 2 0 0 2 13 1 0 10 10 0 12 0 0 6 0 0 0 19 5 7 0 11 12 8 2 9 3 11 0 0 0 0 0 0 0 5 0 0 0 9 14 0 0 0 7 10 0 11 0 0 4 0 18 8
0 0 11 0 19 16 5 0 6 3 0 14 0 0 15 0 18 0 8 9 0 0 0 0 19 19 18 2 0 0 18 11 0 4 6 10 0 18 4 9 0 1 7 0 0 0 0 2 0 11 0 0 0 0 0 0 12 11 0 0 0 15 2 5 7 0 13 0 11 0 18 11 3 15 6 8 0 19 0 0 0 14 10 4 0 0 0 0 1 0 0 5 8 0 0 13 0 0 0 0 5 0 11 0 16
14 0 0 19 0 0 0 11 0 1 4 0 3 4 0 0 0 17 14 3 8 0 19 0 0 0 0 1 11 0 17 0 6 8 15 0 7 0 0 5 0 0 0 0 5 0 0 10 14 0 0 0 15 0 0 0 0 0 13 8 0 15 4 18 0 19 0 13 5 0 0 19 0 0 0 12 0 5 0 0 0 9 18 14 0 0 8 0 0 1 6 19 12 3 12 0 0 5 0 15 0 0 0 18 0
0 9 14 16 0 0 7 0 11 0 13 0 0 0 8 4 15 0 4 0 0 13 3 0 1 0 0 0 0 0 0 6 0 0 4 8 0 0 3 0 8 0 3 0 0 6 0 0 0 0 0 0 0 0 0 13 0 13 17 3 10 0 1 0 0 0 0 0 1 0 1 0 15 7 0 10 7 0 0 0 1 2 0 0 5 0 4 0 15 9 0 0 0 14 4 0 0 3 15 0 0 0 5 0 1
0 0 0 5 0 7 0 15 0 19 0 0 0 0 0 0 0 0 18 13 0 12 0 0 14 0 19 0 9 3 0 4 16 0 2 0 18 0 0 19 15 0 0 7 11 19 9 0 0 15 0 0 7 0 0 0 0 0 9 3 0 0 0 19 0 18 0 0 13 11 5 0 17 0 0 0 4 0 15 0 0 0 0 0 4 9 13 13 16 6 0 0 0 2 0 10 12 19 12 19 10 4 0 13 4
12 0 6 0 11 0 15 0 18 13 9 18 18 0 0 0 0 18 4 6 0 0 6 11 0 0 0 19 15 0 1 0 0 3 3 19 19 11 18 19 0 0 9 9 0 6 17 0 4 17 0 0 11 14 0 0 3 9 2 0 10 0 17 1 6 0 0 0 14 19 0 12 0 0 0 0 0 0 0 0 7 0 15 11 0 0 17 9 3 2 8 2 5 0 12 0 4 0 17 0 0 0 9 0 9
0 0 5 6 0 11 0 18 0 2 2 6 9 0 3 0 0 0 0 4 0 0 0 8 1 0 0 0 18 0 9 13 0 0 0 10 0 0 1 0 0 8 0 0 16 8 0 18 1 6 0 0 5 0 1 0 0 0 7 13 15 0 0 1 0 0 0 4 0 0 18 0 0 0 0 3 17 3 19 0 17 0 0 0 0 0 9 17 4 0 0 18 17 0 4 2 4 3 0 0 0 8 0 16 14
0 0 0 3 1 0 19 13 2 0 10 17 0 17 0 0 19 5 0 7 11 16 0 14 0 0 0 0 2 7 0 19 11 0 0 0 0 19 10 0 0 15 1 11 0 0 17 0 0 0 5 0 11 4 0 2 0 7 0 0 10 0 5 0 0 0 12 0 1 1 0 0 0 0 9 9 0 0 10 18 0 19 0 18 1 0 0 3 0 0 0 11 0 9 0 0 1 7 0 14 0 0 10 0 0
0 0 0 0 4 13 0 9 2 10 0 0 0 16 6 0 2 0 0 3 0 4 19 10 0 0 19 0 16 0 0 11 0 0 0 0 8 0 10 0 1 0 7 0 0 0 12 0 12 12 10 0 15 13 7 5 12 0 0 0 19 0 6 0 16 0 0 13 0 0 17 0 0 2 10 5 0 0 0 0 0 0 0 0 0 15 0 14 1 0 0 10 0 0 0 8 17 0 10 9 3 9 0 0 0
15 8 0 14 0 0 0 18 6 17 0 0 6 0 0 1 0 17 10 0 2 6 18 0 0 0 12 18 11 0 10 0 0 13 10 0 1 0 0 10 5 17 0 1 13 0 3 14 0 8 0 0 0 17 7 6 7 0 0 16 0 0 6 7 3 8 0 0 4 0 0 0 6 19 10 14 0 0 11 0 16 15 10 0 0 18 0 0 0 0 15 0 13 8 0 0 13 0 0 5 19 16 19 9 7
15 0 18 0 3 0 0 18 9 0 0 6 0 0 0 14 0 9 0 0 0 0 2 14 0 6 0 0 17 15 0 9 0 0 0 0 0 10 14 0 0 0 0 0 0 11 0 13 11 15 0 7 0 2 19 0 15 10 0 0 18 0 12 0 0 0 2 1 9 0 0 1 9 3 0 0 0 4 6 0 3 0 6 0 4 0 18 0 0 3 0 0 0 0 4 1 0 3 0 2 0 17 9 0 14
0 0 13 0 4 0 0 0 0 17 16 0 0 0 4 0 0 0 0 0 0 15 0 0 5 0 0 0 0 9 0 3 0 0 0 6 0 12 0 14 0 3 15 0 0 12 17 0 15 12 19 0 0 0 1 0 18 0 11 0 0 11 2 0 6 0 0 17 10 0 19 19 0 3 7 2 7 0 3 0 0 13 0 14 0 16 4 14 0 0 16 5 12 0 0 17 0 0 7 0 3 6 0 0 0
0 0 0 15 0 8 0 0 3 0 6 0 0 4 0 8 12 19 0 5 0 10 0 5 0 2 0 3 5 0 0 0 0 0 0 0 0 0 0 8 1 0 0 0 5 0 9 9 0 16 2 17 0 0 4 0 0 0 0 0 0 10 18 0 0 0 13 14 0 0 0 0 0 0 0 0 13 7 0 7 0 0 6 0 8 0 17 0 0 0 1 12 9 0 1 0 0 0 5 0 0 0 16 0 15
10 15 0 0 0 4 0 0 0 0 0 1 14 0 8 0 10 1 12 5 2 0 0 0 0 15 2 9 0 14 0 3 0 13 16 0 0 4 0 0 0 3 0 9 0 0 0 0 0 0 15 18 10 1 6 0 0 9 0 0 0 0 16 0 0 0 17 16 0 18 0 0 11 0 1 16 0 0 12 0 0 6 8 0 16 16 0 0 0 0 3 0 16 6 18 8 0 11 6 11 0 0 0 0 0
0 0 11 18 0 15 0 0 0 19 2 0 0 0 12 10 0 11 14 13 0 4 15 0 0 0 0 10 13 0 16 17 0 3 0 18 0 9 0 6 9 4 2 0 14 0 0 0 0 0 0 0 0 0 0 5 0 0 13 12 18 0 0 0 2 19 0 0 16 0 18 0 0 0 18 0 9 0 0 5 15 0 0 0 0 18 8 13 0 10 4 0 6 0 0 0 12 9 0 14 16 0 9 19 7
0 10 0 0 17 0 0 18 0 5 0 17 9 0 19 1 11 0 0 16 0 0 14 16 0 0 0 0 11 5 0 0 9 8 19 7 0 0 0 13 4 5 3 0 9 6 6 5 5 2 16 0 0 0 11 0 13 0 0 0 0 8 7 14 15 0 0 0 7 17 0 0 7 0 0 0 0 4 0 0 18 19 0 0 0 11 0 0 0 0 0 0 19 0 0 0 0 5 0 3 0 19 1 0 6
0 10 0 8 14 4 18 4 0 0 0 10 0 0 0 12 14 0 0 0 0 0 0 0 12 0 4 9 0 7 0 9 11 0 0 11 0 0 0 0 0 6 3 6 10 0 0 15 6 12 0 3 4 0 6 9 0 0 17 0 0 15 0 0 15 0 0 4 4 0 0 0 0 19 15 5 17 0 0 7 3 0 0 0 0 4 9 0 13 1 0 18 0 0 16 15 16 0 10 14 6 0 0 0 0
3 6 5 9 3 0 13 6 4 7 3 0 0 0 5 5 13 16 0 0 12 0 0 0 18 8 0 0 0 0 0 0 0 3 4 2 0 0 0 0 12 0 0 1 0 5 1 3 9 0 0 0 0 0 13 0 12 0 0 0 4 0 8 0 7 1 0 16 0 0 3 1 1 10 4 0 0 0 0 0 0 0 0 0 4 0 14 2 9 0 8 1 0 2 13 6 18 0 10 7 17 0 4 0 11
0 0 0 0 8 0 0 0 0 11 0 2 0 0 0 2 0 0 0 12 0 17 0 0 12 4 19 7 0 0 18 15 7 10 0 0 13 0 0 11 11 0 11 1 0 6 15 0 0 3 0 18 18 17 0 0 9 0 13 0 0 9 18 0 1 0 7 0 0 0 8 17 0 13 0 0 8 0 9 0 0 0 8 7 7 18 0 0 0 0 5 0 0 13 13 18 6 0 0 6 0 2 0 9 0
0 0 13 0 0 13 12 0 0 16 4 6 0 15 10 0 4 0 0 0 17 0 0 0 0 0 4 3 7 11 0 0 0 0 5 1 16 0 0 0 0 0 9 13 10 15 15 16 0 0 0 16 0 10 0 0 0 18 0 0 0 0 0 0 5 2 0 13 12 0 0 16 0 19 11 19 19 17 3 13 0 13 8 16 0 0 19 10 0 0 0 0 18 14 5 0 0 0 16 0 0 14 7 1 0
0 0 0 0 19 3 0 6 0 0 19 18 2 0 0 0 15 14 0 0 0 0 0 17 0 16 7 0 17 18 2 2 19 6 0 16 0 0 0 5 14 17 16 0 11 12 10 17 0 14 0 13 1 18 7 19 0 0 0 0 0 17 0 17 16 12 10 0 5 0 0 0 13 9 0 6 9 10 0 7 9 2 0 3 6 9 11 5 11 0 1 11 0 0 11 15 8 0 9 11 13 10 12 19 9
0 0 0 0 0 0 0 11 8 14 10 0 14 0 5 0 0 16 0 0 0 0 17 0 0 0 0 0 1 15 4 18 10 0 0 7 19 4 0 16 0 7 0 0 5 0 13 0 0 0 10 18 0 0 19 0 0 0 0 9 0 3 0 0 0 18 0 0 0 8 0 0 0 0 0 10 0 0 13 0 0 0 0 1 13 0 17 0 7 0 2 17 0 9 0 11 0 0 10 11 0 3 13 0 0
2 0 0 19 0 1 14 0 1 0 0 0 0 5 0 0 0 0 12 18 12 0 0 0 0 0 17 5 0 0 0 0 0 1 0 0 0 0 0 12 0 0 0 13 7 0 0 0 8 0 0 5 4 15 0 2 1 15 3 0 0 2 0 0 0 3 0 15 3 15 2 17 14 4 2 10 11 9 16 1 0 11 0 0 0 5 0 1 3 0 0 2 5 15 1 0 0 0 15 0 0 0 0 7 0
0 19 5 19 0 0 0 0 0 0 0 0 6 0 2 15 0 0 0 8 4 0 16 0 0 0 0 0 16 2 11 0 0 16 8 0 0 6 0 0 3 0 0 0 0 9 0 3 0 11 0 0 0 5 0 0 19 0 0 0 0 18 15 0 0 0 0 0 0 9 7 0 18 11 9 0 0 14 0 7 0 13 0 16 1 0 3 0 0 3 14 0 0 0 3 9 0 0 0 0 0 7 0 0 8
2 16 16 18 0 0 19 0 0 0 19 12 0 0 0 2 0 0 4 0 19 4 7 0 17 0 0 0 4 16 9 0 16 0 0 0 0 0 0 16 0 0 0 0 18 0 0 0 0 19 9 0 2 0 0 7 0 5 0 3 4 0 16 7 0 0 16 0 0 14 18 14 11 16 0 16 15 18 0 19 9 0 0 12 0 12 2 0 0 12 14 10 2 16 0 0 15 0 18 18 0 0 0 0 0
0 16 0 2 1 0 0 19 0 0 0 18 0 0 3 9 10 0 9 0 7 3 0 0 5 0 0 0 0 19 0 19 16 4 6 0 0 0 0 0 16 5 17 15 5 9 17 0 0 0 0 0 7 0 0 0 10 0 4 0 0 19 16 10 10 3 0 0 0 0 0 0 0 0 16 0 19 0 0 11 0 10 0 6 11 0 7 17 17 6 10 1 0 10 0 0 18 0 0 0 14 0 15 14 0
11 0 11 0 11 0 9 15 18 2 16 11 17 0 5 0 13 11 0 0 0 7 17 1 0 16 4 0 0 19 6 9 12 16 0 18 0 0 0 0 0 19 0 1 11 4 0 0 0 5 0 0 19 18 19 18 0 16 0 17 0 0 0 0 9 0 2 0 19 14 0 5 0 0 0 0 7 15 6 0 11 5 9 0 18 0 0 0 0 11 12 0 0 16 0 2 0 16 0 0 2 0 0 3 17
0 14 0 0 0 0 3 0 0 7 0 0 15 9 0 14 0 5 7 0 0 11 18 15 0 2 16 19 19 0 0 13 0 0 0 0 7 0 14 17 0 0 0 0 0 0 0 0 16 0 0 8 17 0 10 13 0 18 0 12 0 0 6 0 15 0 9 0 0 0 0 0 0 4 0 0 3 10 0 13 0 10 0 6 0 0 0 1 0 2 0 18 0 1 0 0 4 0 3 0 8 0 0 0 16
15 0 0 18 17 0 0 1 9 0 0 10 0 0 0 0 16 0 0 0 18 0 2 4 0 11 9 0 6 0 0 0 2 0 0 3 17 16 0 0 0 0 0 4 17 0 0 9 0 0 10 13 0 0 4 0 0 14 11 0 3 0 3 0 7 2 19 0 0 8 0 9 7 19 0 1 1 6 0 0 2 12 12 0 0 3 0 4 7 0 8 12 16 0 0 0 0 0 10 0 12 0 0 0 15
0 19 0 11 0 6 4 0 13 19 11 0 9 3 0 3 17 0 9 0 15 0 2 18 0 0 0 19 9 13 0 0 0 0 0 0 0 8 0 0 0 0 9 8 13 0 1 4 4 0 0 0 0 13 7 1 0 15 0 11 0 0 0 10 0 0 18 15 0 3 0 0 0 9 11 6 0 7 14 0 18 0 2 11 7 9 10 18 0 14 0 16 12 1 0 0 0 0 0 0 11 0 0 17 0
14 0 0 0 6 0 16 0 0 11 0 0 0 0 0 0 0 9 11 0 7 0 19 10 0 0 16 16 12 0 2 0 0 0 1 18 15 0 12 15 11 0 8 12 0 16 17 10 0 15 9 10 0 0 0 0 9 8 0 13 13 3 15 12 8 0 0 0 0 5 17 0 0 9 0 4 9 0 12 0 0 13 14 0 7 11 7 0 14 2 8 0 9 8 2 10 0 0 0 5 0 5 12 0 0
7 11 0 4 8 0 0 3 0 0 0 13 0 0 0 13 3 8 0 3 10 0 6 0 1 16 0 4 16 0 0 0 0 0 7 0 0 18 5 0 0 14 0 0 10 0 3 0 2 5 0 0 0 0 0 18 1 0 19 2 9 0 0 2 16 0 19 0 0 10 12 0 0 15 0 0 14 7 19 1 0 0 5 17 0 0 0 5 0 12 0 17 7 0 0 6 11 14 0 0 15 17 0 0 0
4 0 0 6 15 4 2 3 0 0 0 10 0 0 0 16 0 19 0 4 0 5 0 0 0 8 0 6 0 0 0 0 1 7 0 0 2 10 0 15 0 0 0 5 0 14 0 0 0 3 0 0 0 0 0 0 7 0 12 0 0 0 0 9 15 0 0 2 7 0 15 13 4 4 0 0 3 0 0 7 0 11 0 12 16 16 0 15 5 0 0 13 15 3 15 0 0 12 0 2 0 17 0 0 0
18 0 0 10 0 8 0 19 10 0 0 0 0 6 0 0 18 7 11 2 0 1 16 7 0 0 0 0 18 0 3 0 18 0 0 0 6 0 0 1 0 10 7 0 0 11 7 10 0 0 7 0 10 0 0 0 7 0 8 7 0 4 17 0 10 0 12 0 2 16 0 0 4 1 6 2 0 0 0 0 0 0 3 16 18 0 0 19 0 4 0 0 19 13 0 0 0 0 16 0 0 0 16 12 8
13 0 0 0 7 0 18 19 0 0 8 1 0 0 0 0 0 0 0 0 13 16 0 19 0 0 0 0 0 7 17 0 15 0 2 6 0 4 0 6 8 0 5 3 0 0 15 0 9 0 5 0 16 17 18 0 7 0 16 0 5 12 0 0 4 0 0 6 0 0 0 17 0 0 14 14 0 15 1 7 16 0 0 0 0 0 18 0 0 12 0 14 19 3 0 12 13 6 0 0 3 17 0 0 14
0 12 3 18 0 0 0 11 0 19 0 0 10 12 0 4 9 0 0 0 0 0 0 4 0 6 0 0 0 0 16 8 0 18 10 0 4 0 0 13 1 0 1 0 0 0 7 3 0 14 12 17 0 0 0 16 0 13 16 0 0 19 0 0 0 0 0 0 5 9 18 14 0 0 8 4 0 4 8 1 3 0 0 0 19 0 3 0 3 18 6 8 4 0 0 0 0 5 0 8 8 0 0 14 6
0 8 0 4 0 3 0 18 1 10 10 0 14 0 0 0 0 0 0 0 0 0 0 0 0 0 0 0 0 14 0 0 12 5 0 0 0 0 0 0 0 4 4 18 0 0 18 7 0 0 12 1 5 0 0 2 3 15 0 0 0 0 1 0 3 0 0 9 0 8 0 0 0 3 2 0 12 0 0 16 5 0 0 0 9 0 12 0 13 17 0 17 15 0 0 0 10 0 5 0 0 12 0 0 0
3 13 0 9 5 0 19 19 0 0 0 10 0 14 8 0 6 13 0 0 11 0 5 16 12 0 16 0 0 17 0 0 15 0 15 1 6 13 0 0 0 12 1 0 6 8 0 0 0 7 0 0 1 0 14 8 8 0 5 0 18 7 14 6 0 0 2 0 8 9 0 0 2 0 18 0 0 0 0 4 0 0 0 7 7 0 0 18 1 0 0 17 5 0 0 0 0 0 0 0 0 0 0 0 0
13 6 0 0 0 8 15 0 0 0 1 5 0 0 1 0 9 4 0 12 11 0 14 0 0 3 0 16 0 0 0 0 11 0 0 0 8 1 0 0 0 0 0 0 16 0 0 0 0 11 18 19 0 12 3 17 7 3 16 13 0 2 14 0 0 0 17 14 13 15 0 13 18 0 0 2 15 0 0 0 0 2 7 0 0 3 16 0 3 14 3 0 0 0 0 0 0 0 0 3 0 3 10 0 0
7 17 0 1 0 0 0 0 8 15 0 17 0 3 0 3 4 5 6 0 0 0 17 7 0 0 0 5 19 0 0 0 0 14 0 10 0 0 4 12 0 0 10 16 14 0 0 0 0 10 19 0 11 5 0 6 0 0 3 9 12 4 15 17 0 5 0 16 10 0 0 19 15 0 5 0 0 0 0 13 11 0 14 0 4 0 0 12 17 7 0 1 0 0 0 0 8 0 12 11 0 15 9 6 19
18 0 0 7 0 3 0 9 0 1 7 0 0 15 0 0 2 3 3 0 11 9 16 0 0 0 0 17 0 0 0 9 8 0 0 7 5 1 4 1 0 10 0 3 14 0 0 0 0 15 0 0 8 0 16 0 0 1 11 0 14 0 0 19 0 0 0 4 6 0 1 19 17 7 0 0 4 11 0 0 11 0 19 1 9 19 0 0 12 0 0 0 8 17 9 5 2 0 2 6 0 18 0 0 17
0 0 0 0 0 0 7 9 0 11 0 1 0 0 0 9 0 0 6 1 1 13 0 0 13 0 0 15 1 0 4 8 12 0 5 0 3 0 18 0 0 16 3 0 16 4 16 0 0 0 12 0 10 16 19 0 1 0 2 19 0 17 16 15 0 3 0 9 0 2 0 0 0 0 11 19 0 11 0 0 5 4 0 0 0 0 6 16 17 9 13 15 0 3 0 4 7 12 4 19 0 1 0 0 0
0 8 14 0 5 0 11 0 16 0 0 13 0 0 5 0 14 9 10 0 0 10 11 5 7 0 18 5 11 0 17 13 0 10 0 0 0 0 0 6 16 14 14 16 0 0 10 0 0 3 19 15 14 0 5 0 5 3 0 6 1 0 9 0 4 18 0 3 16 0 0 2 0 1 0 12 12 11 14 0 12 4 0 0 13 0 0 0 0 0 14 0 3 18 17 0 10 3 0 18 0 14 0 0 1
12 14 14 0 0 6 19 6 8 0 0 0 11 12 0 0 0 6 0 5 6 15 12 0 0 9 0 9 4 0 0 0 16 0 14 11 0 0 0 8 0 0 0 4 0 0 5 13 6 0 0 0 19 0 0 0 0 0 3 18 0 6 17 17 0 0 0 0 0 0 2 0 4 0 0 6 0 0 10 0 0 3 0 0 0 15 8 0 0 2 0 13 0 0 12 0 16 0 0 0 0 0 18 0 0
0 0 3 0 0 0 9 17 0 17 12 3 0 17 9 0 0 6 0 1 15 15 10 13 0 0 0 17 0 0 0 1 17 3 0 7 15 7 18 0 0 0 0 16 10 5 0 3 2 4 0 4 0 0 18 0 11 5 0 17 0 10 11 0 12 0 19 2 4 4 3 0 14 0 0 0 3 16 0 0 11 16 12 0 3 12 0 0 0 4 0 0 11 0 5 0 8 0 0 17 16 13 0 13 15
15 0 0 2 10 0 0 0 18 0 0 14 13 0 9 0 0 5 15 3 0 16 17 0 0 3 0 0 0 0 9 4 10 0 0 10 0 3 7 0 0 0 0 0 0 13 3 0 0 0 13 0 0 8 0 0 0 0 0 5 6 4 0 0 12 0 0 4 0 14 3 0 0 0 0 0 0 4 0 4 0 0 5 0 0 1 0 13 15 0 7 1 0 9 0 8 0 7 0 0 0 2 0 0 0
0 0 0 0 14 0 0 4 1 0 12 0 11 15 0 0 0 5 6 9 0 0 0 0 8 0 0 0 0 16 0 4 0 2 0 0 9 0 0 0 0 0 0 0 0 6 2 0 0 5 10 16 12 0 0 19 10 0 16 11 13 0 17 0 0 2 19 10 1 9 0 0 2 0 13 19 0 14 0 1 0 0 8 0 0 15 11 0 3 0 7 7 12 0 0 5 11 0 0 7 0 12 18 0 19
0 0 0 11 0 0 15 17 6 0 12 8 15 12 16 0 0 2 12 0 3 0 14 0 0 11 19 0 5 0 0 0 15 5 3 0 0 14 0 7 11 10 15 0 3 0 4 0 5 0 15 4 0 0 0 5 5 0 0 16 3 0 18 0 0 0 6 19 0 11 0 0 0 0 0 0 0 1 12 7 0 17 11 0 1 0 15 16 0 19 9 15 7 3 12 11 16 7 10 0 10 4 16 6 0
12 16 0 0 0 0 0 0 0 5 10 0 0 19 2 15 0 16 0 0 0 0 0 10 0 0 9 0 0 0 10 0 9 0 0 7 5 12 12 0 18 19 0 12 19 0 0 13 10 15 0 0 4 3 15 0 6 0 0 7 12 17 17 1 0 0 0 0 0 0 17 0 0 9 14 0 0 3 0 14 11 0 0 0 0 7 17 4 0 0 0 0 13 0 0 0 1 10 12 15 0 0 5 3 14
17 0 2 0 0 0 0 0 0 0 0 0 7 0 17 18 0 0 3 0 18 16 13 18 5 0 0 0 0 8 13 0 10 0 0 0 0 17 1 0 19 0 0 0 15 0 4 0 16 4 0 0 0 12 0 18 0 4 0 0 0 5 16 13 0 0 19 16 10 12 0 19 0 2 0 0 0 0 0 2 0 0 0 19 14 0 0 1 16 16 0 0 14 0 3 1 9 0 0 0 14 0 0 2 5
2 0 0 0 15 0 7 11 5 11 15 0 0 0 0 10 0 0 4 0 18 0 1 0 4 0 2 7 19 17 0 0 0 0 0 10 16 0 5 1 0 11 8 10 14 19 0 0 12 0 4 0 0 0 0 0 14 6 0 7 0 7 16 0 17 15 0 1 10 0 15 0 0 4 0 5 0 3 0 0 0 19 0 0 12 12 0 0 0 16 13 0 1 0 14 0 0 3 0 0 13 1 0 0 16
0 0 0 0 0 0 0 14 0 4 13 17 2 0 0 1 0 0 0 0 17 10 18 0 15 5 0 0 18 0 0 13 0 0 0 0 17 0 0 0 12 5 0 16 0 0 0 8 0 0 3 12 0 0 0 0 0 0 0 0 7 0 0 14 6 0 12 0 9 0 6 16 18 0 2 17 0 12 0 17 14 6 0 12 10 0 13 0 16 0 0 13 17 0 6 0 3 0 11 16 12 13 7 0 12
17 0 2 0 0 0 0 0 1 0 7 7 19 1 4 6 0 11 6 13 0 0 7 19 0 0 0 0 19 10 4 7 0 0 0 0 18 0 0 14 3 0 16 19 5 0 18 0 0 0 15 0 0 0 0 0 0 0 3 0 0 0 11 11 0 0 3 19 0 0 0 0 3 9 0 11 0 5 0 9 1 5 0 0 19 0 9 10 0 1 11 0 0 13 0 0 16 10 14 12 6 0 12 2 0
0 13 13 0 0 13 0 0 0 2 5 6 0 0 0 0 5 0 9 0 0 0 19 0 2 0 7 0 18 13 0 1 0 18 0 0 0 16 2 8 17 6 0 0 0 0 0 0 19 5 0 18 0 0 0 0 0 19 0 0 0 11 0 0 13 13 6 0 0 5 0 0 3 19 0 12 0 0 0 0 11 0 0 0 0 0 0 8 16 0 10 16 0 0 0 7 19 0 0 6 0 2 11 0 0
0 0 1 12 0 0 0 3 0 0 12 7 15 18 0 0 0 13 0 12 9 0 0 0 1 19 0 10 0 0 0 0 9 1 7 7 7 0 3 8 7 0 0 1 5 0 11 0 10 5 6 0 14 0 0 0 0 0 0 0 0 2 0 9 9 0 0 12 0 0 19 10 2 0 0 0 0 9 0 12 0 0 0 10 0 0 18 8 0 0 0 0 0 0 7 0 10 0 8 10 13 0 0 0 0
0 11 0 11 0 13 0 9 0 7 0 0 10 0 0 9 0 0 0 0 0 18 0 0 15 0 5 0 16 18 14 15 8 0 0 0 0 13 15 0 3 0 1 0 3 0 5 0 0 0 0 4 6 0 0 19 0 0 6 0 0 0 0 6 0 0 0 0 0 0 0 0 0 14 8 0 0 0 13 0 13 0 11 15 7 0 0 6 0 9 10 5 0 0 1 0 1 0 0 3 0 2 14 0 0
0 0 10 0 13 17 9 2 7 0 0 0 0 11 0 0 13 0 17 0 13 0 0 0 3 0 0 4 0 0 11 0 0 19 12 8 16 16 0 5 16 3 11 2 0 3 0 0 16 0 0 0 0 0 3 0 0 6 0 10 18 0 6 18 0 0 14 0 0 0 0 9 0 0 0 9 4 0 0 0 5 0 0 0 0 2 0 0 0 0 4 8 0 15 0 0 2 0 3 0 16 0 1 7 9
0 0 10 0 8 3 3 0 13 0 0 16 0 0 0 0 12 0 0 0 0 0 0 9 0 0 3 0 17 12 0 11 13 2 0 7 0 0 0 0 13 9 0 19 6 18 17 5 11 16 7 0 7 0 0 0 0 0 10 0 18 13 0 4 0 0 6 0 0 16 9 15 0 0 3 0 14 1 2 0 0 14 0 7 0 5 5 0 7 0 0 0 18 0 0 9 0 15 0 0 0 0 0 0 14
19 8 0 0 0 10 0 10 15 10 19 0 18 0 0 0 18 0 0 4 0 0 0 0 0 0 4 0 0 0 3 0 13 9 0 0 5 0 0 18 0 12 14 0 1 0 0 6 13 3 12 0 0 7 0 0 0 0 18 18 0 0 2 0 0 3 0 17 4 1 9 17 16 0 0 6 0 12 0 0 2 15 0 14 0 14 8 0 0 13 0 0 3 0 3 15 2 15 0 8 0 0 14 0 0
0 0 12 15 15 0 0 0 0 0 0 0 0 11 10 0 0 8 15 0 9 0 17 3 2 18 0 19 0 0 0 0 3 0 0 4 12 19 0 7 2 4 0 17 0 6 10 4 0 0 17 5 7 0 0 11 2 0 0 13 0 0 0 16 2 0 0 11 0 0 0 4 4 0 0 6 0 0 0 1 0 0 0 4 0 9 0 11 0 15 0 7 0 0 14 0 0 14 0 2 0 0 6 10 0
16 0 0 2 4 1 0 17 0 5 6 6 12 2 18 16 0 7 0 8 18 0 0 0 0 15 16 16 0 6 3 0 15 0 0 17 0 0 1 14 14 15 0 16 9 17 11 0 17 18 17 16 16 0 11 0 0 0 6 0 2 0 0 1 4 0 0 2 0 0 11 0 0 16 0 17 0 0 8 0 3 0 0 16 0 7 0 2 0 4 9 14 0 0 18 0 0 0 0 0 16 0 0 0 0
6 0 0 5 18 0 19 1 1 0 0 7 0 0 0 0 0 14 0 0 0 0 17 0 0 0 7 10 0 0 0 10 12 2 9 0 0 0 0 6 0 17 19 15 0 17 0 0 0 0 1 13 0 14 11 0 9 6 18 4 0 16 1 0 5 0 4 0 4 0 5 2 0 0 0 0 0 19 0 0 2 0 0 17 0 15 16 0 0 0 17 0 2 9 0 0 0 0 0 9 9 0 0 3 10
0 2 6 7 0 0 0 6 0 0 16 3 0 6 0 0 2 15 15 7 1 5 16 0 0 0 0 10 9 15 7 0 8 16 15 10 4 0 3 0 0 0 0 0 4 0 12 12 0 0 0 0 17 6 0 13 9 0 0 0 0 2 4 5 0 0 0 13 0 10 16 0 0 4 0 5 5 6 0 0 12 8 17 10 0 10 12 6 0 0 0 0 0 0 13 12 0 0 0 0 10 3 0 3 5
14 0 0 0 19 0 18 0 0 0 0 8 0 0 0 0 19 0 0 1 0 2 12 18 3 0 0 3 0 0 2 0 0 0 0 0 0 0 0 0 0 5 0 3 18 0 0 0 2 0 0 0 15 0 0 13 0 0 0 0 3 0 0 0 0 0 5 0 2 18 15 0 6 19 10 9 0 11 0 0 0 10 0 13 12 0 0 0 6 16 17 0 15 6 0 17 19 1 11 5 1 0 0 0 0
0 0 0 13 0 0 0 0 0 12 0 0 2 0 13 17 0 0 0 0 7 0 10 0 0 0 16 0 2 9 19 18 0 19 0 12 0 0 0 2 17 0 0 0 0 0 19 0 19 6 0 19 0 12 3 6 0 0 14 6 0 0 0 4 0 5 0 0 0 0 0 0 0 0 0 4 18 0 10 17 5 0 0 0 15 7 0 13 0 10 0 0 0 0 0 15 0 0 2 15 0 0 0 16 13
0 0 0 0 13 0 0 0 4 0 13 0 1 17 14 16 0 0 4 16 0 13 0 0 15 0 0 0 0 0 0 15 0 0 2 0 6 0 9 0 14 16 4 9 3 0 2 4 10 19 0 16 1 0 19 0 12 0 0 0 17 11 2 0 13 0 0 0 0 0 9 0 0 18 0 0 0 0 12 0 0 9 0 0 3 19 0 4 0 0 0 0 9 18 8 19 0 11 16 3 0 0 0 0 0
0 0 19 11 5 1 13 14 0 1 0 4 9 10 0 0 16 7 4 0 0 12 5 0 3 0 0 0 19 0 0 0 0 0 7 2 0 5 0 8 13 10 6 0 16 0 4 0 1 0 0 10 10 9 0 0 0 0 0 0 4 0 0 4 0 2 0 0 0 0 0 7 0 12 0 2 14 4 0 0 0 0 0 7 6 0 9 0 14 16 0 5 5 0 11 0 2 0 0 7 3 11 0 0 0
5 18 5 0 0 0 11 19 0 1 0 0 0 0 0 18 0 17 0 0 0 0 0 8 15 9 14 0 14 0 8 3 5 10 0 16 0 9 8 9 15 0 0 2 0 0 4 14 9 11 0 12 0 0 0 5 0 0 0 16 1 0 0 0 10 18 0 0 0 0 0 0 8 11 0 0 16 12 18 19 1 0 0 17 14 0 0 15 8 1 0 1 18 9 3 0 1 0 0 0 0 18 0 7 9
0 0 7 18 0 1 5 0 18 0 17 0 0 19 0 0 18 0 0 3 8 0 0 0 2 7 18 0 0 0 0 0 17 12 15 0 0 18 0 0 0 0 1 0 0 2 3 3 0 0 17 0 15 6 0 0 19 0 0 9 9 0 11 5 16 15 0 9 0 0 0 11 18 0 4 0 11 11 9 0 0 0 11 19 0 5 8 12 8 0 0 9 0 0 6 16 0 0 9 7 12 3 9 0 18
8 8 0 11 19 0 0 12 0 0 0 0 1 19 0 0 0 0 0 1 17 16 0 0 17 0 14 0 5 0 9 0 0 0 13 0 17 14 0 0 13 19 19 0 2 0 0 0 0 0 0 19 0 16 0 0 10 0 9 15 17 4 0 2 0 0 0 0 7 0 11 0 0 0 8 5 9 0 0 4 0 0 18 0 0 0 7 0 18 2 16 18 0 0 16 6 2 0 0 18 0 15 0 17 0
0 0 11 3 0 15 17 0 0 0 0 6 9 0 0 11 0 7 0 1 0 0 13 0 14 18 11 0 0 0 7 0 0 0 4 4 0 0 0 2 18 15 17 0 0 4 14 0 2 0 0 0 0 18 3 3 2 0 0 0 16 4 0 0 0 6 0 0 0 8 18 0 0 0 0 0 7 0 0 0 0 0 12 9 13 0 9 0 5 0 3 2 3 0 0 0 0 0 0 0 2 0 7 0 0
0 0 12 15 0 7 0 0 0 0 2 19 3 3 0 0 0 0 19 10 13 19 9 0 4 11 16 0 0 4 19 9 9 15 4 1 0 0 3 0 0 0 7 0 1 0 0 0 0 0 9 2 4 0 9 19 0 14 0 0 0 0 16 0 4 19 0 18 12 11 0 0 0 0 9 0 12 16 14 0 0 7 8 0 16 0 8 0 7 5 1 4 2 15 18 0 19 0 16 15 8 10 0 5 6
11 16 8 6 0 0 0 0 0 9 10 10 0 7 0 1 18 0 15 4 0 11 0 0 2 9 0 16 0 0 0 11 0 0 0 6 14 8 2 18 0 5 0 11 0 0 0 0 13 0 14 0 0 2 0 0 0 8 0 3 0 0 0 0 0 10 0 0 0 0 4 8 0 9 0 4 14 2 19 0 5 15 14 0 0 0 0 0 0 9 0 0 12 0 9 0 0 15 0 18 0 0 0 5 12
12 0 2 8 12 10 0 0 3 9 5 14 0 2 0 16 0 0 5 0 0 19 6 10 10 0 16 0 0 0 1 6 4 0 0 2 14 4 0 0 2 0 0 19 12 6 0 0 19 0 0 0 5 17 11 12 0 0 9 0 6 6 17 0 5 9 4 0 2 0 0 5 0 0 4 0 0 9 8 9 0 0 12 0 0 0 0 14 0 19 0 0 0 0 0 12 2 0 13 2 6 9 0 0 2
0 0 9 0 0 7 4 0 17 0 0 0 0 7 13 0 9 0 17 0 8 19 9 0 11 0 15 19 7 3 1 0 9 14 3 0 0 0 12 0 15 0 4 0 12 0 3 0 0 0 0 0 0 0 0 0 0 0 4 14 0 0 0 0 5 0 18 0 14 16 11 9 7 12 14 0 0 17 16 17 0 11 0 15 0 0 9 1 10 0 0 0 8 0 0 0 17 2 0 6 9 17 4 0 5
0 0 3 19 5 0 0 0 3 0 0 0 4 0 7 0 0 4 0 0 0 17 10 0 9 14 18 0 15 10 6 7 0 7 0 0 15 4 0 0 0 0 11 11 11 0 16 4 14 1 3 0 3 12 5 0 9 0 0 1 12 0 0 19 6 11 0 0 4 12 11 0 0 16 2 9 17 0 0 12 10 0 13 0 0 17 0 0 19 14 1 0 14 12 5 16 0 0 0 6 12 0 0 18 0
0 17 11 0 0 0 15 0 19 10 0 11 6 3 0 12 0 0 0 0 9 3 0 13 16 0 0 0 6 0 0 14 12 19 0 0 1 8 0 0 0 0 0 0 14 10 0 0 0 12 0 0 0 0 0 0 0 13 0 2 0 0 8 0 0 0 10 12 0 18 9 0 0 14 19 8 16 0 0 0 0 0 19 5 0 0 4 7 0 0 0 10 0 2 0 11 0 15 15 13 1 0 0 0 7
3 0 0 0 0 0 0 0 0 18 0 0 0 0 7 0 5 0 7 0 0 13 7 0 1 7 19 11 0 13 0 0 0 1 7 0 7 1 16 4 0 13 0 0 0 0 0 4 1 7 14 2 0 17 9 0 12 0 0 0 0 1 0 0 0 0 17 0 0 19 0 4 0 0 0 9 17 12 0 0 12 1 6 17 0 8 0 0 0 0 0 0 0 9 1 3 0 0 6 14 14 0 0 1 0
15 0 0 0 0 1 0 7 17 0 0 16 3 0 0 0 15 18 3 0 0 0 9 0 0 0 9 0 11 0 2 18 0 0 0 0 16 3 5 0 0 11 11 5 12 0 11 0 0 0 11 0 0 14 1 11 0 13 5 0 2 0 3 2 12 0 5 0 0 1 0 0 0 0 5 0 0 10 0 12 0 0 4 7 6 7 0 2 13 8 0 0 0 0 18 16 0 14 0 0 0 11 11 0 0
0 0 0 14 9 2 0 0 0 19 0 15 0 13 0 6 0 19 0 0 0 13 2 0 11 13 0 10 5 10 12 0 13 0 11 0 0 0 0 0 2 0 0 4 4 3 16 0 0 17 0 0 19 6 5 0 0 0 0 14 15 0 0 0 8 10 0 9 0 0 0 0 0 7 15 0 11 0 0 1 0 0 0 0 10 0 12 0 0 6 0 0 12 9 0 5 2 0 0 0 3 4 7 18 0
0 14 0 10 18 0 0 15 0 0 0 10 6 0 6 8 0 0 0 0 8 8 0 0 0 0 0 0 9 0 12 2 14 5 0 3 0 0 0 0 7 14 19 0 0 0 12 5 8 11 0 0 0 0 0 0 0 11 0 0 0 0 0 0 17 0 0 0 0 0 11 18 12 8 14 12 0 13 19 6 4 0 0 8 1 0 16 17 0 0 0 0 12 3 3 9 14 0 0 0 0 17 0 0 0
11 1 0 4 14 0 0 11 0 18 0 0 0 14 0 0 0 0 0 0 7 16 3 1 0 16 12 6 0 6 0 11 0 17 12 16 0 0 0 7 0 0 1 0 0 0 0 0 0 0 0 19 0 12 0 0 10 15 0 7 14 4 16 17 10 13 0 0 7 17 19 0 9 0 0 0 15 0 5 17 7 0 8 0 0 7 15 0 0 0 0 0 0 0 6 0 0 0 5 7 10 10 0 7 0
15 11 0 0 0 5 4 0 0 1 0 0 4 0 8 16 0 0 0 4 7 0 6 13 0 1 0 11 18 0 0 7 7 0 16 18 0 19 9 7 0 4 9 0 13 0 3 0 0 1 0 14 12 10 19 0 0 7 0 0 0 0 0 0 0 12 15 3 6 14 0 0 13 16 0 0 0 0 0 0 6 10 1 0 0 14 0 0 19 17 4 0 18 0 17 0 5 0 2 18 0 0 0 0 8
0 1 0 0 0 0 9 0 0 0 15 18 0 16 0 16 18 11 4 0 18 0 9 0 5 0 12 0 0 0 3 9 11 0 16 0 0 0 0 0 3 0 19 0 0 15 12 1 15 0 7 0 12 0 0 0 0 0 2 5 14 9 7 15 10 0 7 19 0 0 5 0 0 0 0 0 0 17 0 8 7 0 0 7 14 0 0 0 0 3 12 0 0 0 3 5 0 0 0 0 12 17 19 0 0
8 0 5 0 8 4 13 17 9 0 0 0 18 4 17 0 8 0 9 14 0 19 11 17 0 3 2 7 0 0 0 10 7 0 0 0 18 3 12 0 16 0 0 6 0 8 0 0 11 15 17 0 0 13 9 0 18 0 0 5 8 0 0 16 12 0 0 0 9 0 8 7 9 8 0 0 9 0 4 0 0 12 16 15 0 0 0 0 8 17 0 0 0 4 14 0 7 0 0 0 0 2 5 1 0
0 14 0 0 0 0 13 9 17 3 14 0 0 14 0 0 13 0 0 2 0 10 5 0 1 0 0 17 0 1 4 18 0 5 15 19 0 0 0 18 0 12 0 16 0 0 0 13 0 16 4 1 0 0 10 8 8 6 0 0 0 11 2 0 6 0 13 4 0 15 12 0 0 0 0 14 1 0 7 0 2 0 17 0 0 0 0 0 15 15 18 0 0 4 0 0 7 5 0 3 18 0 0 0 3
18 16 0 1 0 15 16 3 4 0 1 0 0 0 0 0 0 0 13 9 0 0 11 7 3 0 0 17 0 0 7 0 14 0 5 0 0 3 13 1 3 17 12 17 0 0 0 15 3 0 0 16 0 16 0 16 0 0 0 7 0 0 0 0 0 6 0 0 14 8 8 18 5 7 0 0 10 19 0 0 13 0 0 0 19 0 8 15 0 0 0 11 3 0 13 1 2 0 0 0 1 0 0 0 0
18 0 0 0 1 9 6 2 0 0 0 0 3 0 0 0 10 0 1 0 0 0 0 0 0 3 12 6 11 2 0 14 2 12 0 4 12 18 17 0 14 7 0 9 0 2 4 0 0 19 0 16 16 0 1 0 0 9 0 0 13 15 4 0 0 16 10 0 16 1 0 2 0 5 9 19 0 14 0 0 8 6 0 0 17 3 17 15 0 0 0 4 0 0 0 13 0 0 15 4 10 6 0 8 0
0 0 9 0 6 0 0 8 0 0 0 15 0 16 1 3 4 0 0 8 5 0 1 2 0 14 14 10 12 0 8 0 8 0 0 0 0 6 0 0 3 0 0 13 14 0 0 7 7 9 0 0 13 0 11 10 0 10 4 0 0 0 9 17 0 17 0 0 0 0 0 16 3 1 0 0 0 1 0 0 0 0 0 0 4 12 0 18 0 0 0 9 10 0 9 0 3 0 1 0 0 0 12 0 0
11 0 14 5 19 0 0 2 18 11 10 0 0 5 12 0 0 0 18 1 0 0 11 17 2 0 10 1 0 18 12 16 0 17 13 0 14 8 17 17 0 1 0 15 0 13 0 1 7 15 0 0 0 13 0 16 0 5 8 0 0 7 14 0 0 0 0 0 5 1 9 18 2 4 0 0 0 0 10 0 0 0 0 0 0 0 0 0 11 4 9 0 0 0 0 16 0 0 0 8 0 0 15 0 0
0 0 0 8 12 0 0 5 17 0 0 13 0 12 9 16 6 19 0 0 0 18 0 0 5 0 2 0 0 0 16 12 9 7 15 19 19 4 15 5 0 0 8 0 3 0 11 0 12 7 13 14 1 17 0 0 0 0 0 18 3 0 0 2 0 15 0 9 5 18 0 0 3 2 12 0 8 14 0 0 0 12 12 0 18 0 0 0 3 0 10 0 0 13 0 0 0 0 0 2 0 0 0 0 0
0 3 0 0 3 14 2 0 0 9 0 8 0 0 0 6 0 0 0 2 13 14 0 9 15 0 16 10 16 1 0 1 8 0 3 13 3 0 0 0 0 0 17 3 18 0 0 9 0 3 0 0 0 0 13 0 0 0 15 0 0 0 0 9 0 6 0 18 0 9 0 0 0 15 0 0 0 12 2 9 0 9 3 0 0 0 4 4 0 0 0 0 13 0 0 0 0 10 13 0 10 0 0 0 0
0 0 0 0 12 4 0 12 4 0 0 0 4 0 1 18 0 0 16 13 13 5 11 0 1 3 0 0 0 0 0 0 2 0 15 0 0 0 0 0 0 0 9 0 17 12 5 0 0 12 0 3 14 6 0 0 7 1 0 0 3 14 18 0 13 0 0 8 11 3 6 16 0 18 9 0 0 5 0 1 18 0 3 6 17 3 14 0 13 0 9 0 0 0 0 16 0 0 0 0 18 3 0 19 0
0 12 7 13 0 0 10 0 2 0 8 0 1 17 0 8 0 0 15 6 18 0 15 11 0 9 0 0 2 0 0 0 10 6 0 0 12 0 0 0 0 0 5 4 0 0 0 8 5 11 0 1 0 0 0 7 0 0 0 9 15 0 0 0 12 17 15 19 0 0 16 6 0 0 0 12 0 16 11 3 16 5 9 0 0 5 0 0 1 13 0 16 0 0 16 0 7 0 0 0 15 0 0 0 0
3 9 10 0 0 0 12 4 4 1 17 13 0 0 0 0 12 0 16 18 6 0 8 0 0 0 15 18 0 4 0 0 0 11 0 0 13 0 10 0 0 8 2 7 10 16 8 0 11 16 1 9 0 3 16 19 10 1 2 0 2 0 0 0 0 19 0 0 2 1 0 2 0 19 0 2 17 0 0 0 0 2 14 0 5 0 7 7 2 0 3 0 0 0 0 7 0 10 0 14 0 2 0 4 10
0 0 0 0 5 3 19 0 3 7 0 0 3 0 0 11 9 5 0 0 0 0 0 0 0 0 0 0 16 0 0 0 0 14 12 0 6 5 0 0 0 0 0 12 3 0 0 7 0 7 10 0 3 0 10 0 0 0 0 15 15 14 0 0 0 1 0 11 0 0 0 0 0 0 15 0 2 0 15 0 14 0 0 0 0 0 0 5 0 0 0 0 0 10 0 0 10 0 12 3 4 5 0 17 0
0 2 11 0 0 15 12 17 0 0 10 0 0 7 5 6 0 0 10 10 0 16 9 10 15 0 18 0 0 3 10 0 0 0 0 16 0 0 5 0 0 12 2 4 0 0 0 0 0 10 12 0 0 11 14 0 8 0 3 0 0 0 0 0 0 11 2 16 0 0 9 0 0 16 0 13 0 0 15 6 0 0 0 5 2 0 0 0 0 15 1 0 0 13 0 0 0 12 0 0 0 0 0 0 0
18 2 0 0 15 0 19 0 0 14 9 5 2 0 0 11 14 3 14 7 6 0 11 11 0 0 18 0 0 0 0 0 5 0 2 0 0 8 0 0 3 11 6 19 18 0 17 0 7 0 15 0 0 16 12 6 10 3 0 0 8 2 0 9 0 5 15 3 7 0 7 18 0 15 18 2 6 6 13 14 0 0 0 7 18 0 0 3 0 4 0 8 2 0 0 0 14 3 0 0 0 0 0 8 2
10 0 0 5 0 0 10 0 0 0 3 19 0 3 0 0 16 0 6 17 0 0 13 0 0 0 0 14 2 8 12 11 0 15 0 0 3 8 0 0 0 0 0 0 0 0 16 0 0 10 0 14 13 12 6 0 13 0 16 0 0 0 16 9 10 1 0 0 3 0 12 0 2 8 0 6 9 12 1 14 0 3 0 10 0 12 0 18 1 10 0 0 0 10 18 15 0 4 0 0 0 0 18 4 0
6 0 4 0 0 0 4 0 8 0 9 16 17 6 0 0 0 19 0 0 2 14 10 3 0 7 0 0 0 0 0 0 5 17 17 0 17 0 12 0 3 15 18 1 14 0 13 2 12 4 0 0 1 13 0 2 0 2 0 0 0 0 0 0 3 0 0 0 11 18 3 15 0 10 0 9 17 0 0 0 11 4 17 10 0 17 2 0 0 6 0 0 0 0 3 0 2 5 0 0 0 0 0 0 0
12 12 0 11 0 5 0 9 0 10 0 19 9 0 16 0 9 1 0 4 0 7 12 13 0 0 0 15 0 0 0 0 12 0 0 16 0 0 0 0 10 9 0 0 0 18 0 0 18 16 5 0 0 7 12 11 0 14 1 0 14 6 0 0 0 0 0 0 0 0 9 0 7 0 0 0 4 0 0 0 11 7 0 0 0 19 5 0 0 0 12 15 0 0 0 0 0 0 0 0 18 0 0 12 0
0 8 18 0 18 0 13 0 16 0 0 9 0 0 0 0 19 0 0 0 9 1 19 0 7 0 0 14 3 0 0 17 0 0 0 12 0 14 0 0 0 6 0 0 0 0 13 0 0 6 3 2 0 0 2 0 0 0 7 0 0 10 0 3 3 0 16 0 0 7 0 17 0 5 5 0 0 18 0 1 0 18 0 7 0 0 1 0 0 8 0 0 0 0 19 0 4 17 0 8 4 0 12 0 0
0 5 8 16 0 1 4 9 14 0 0 7 14 0 15 0 7 6 0 11 0 0 9 0 0 8 0 0 17 16 15 0 0 0 0 8 14 6 0 0 0 19 17 0 1 0 15 0 19 0 14 5 16 12 0 0 0 0 9 14 0 0 0 10 5 0 13 0 0 9 18 0 0 6 12 2 5 0 7 0 0 0 0 0 8 0 0 3 0 0 0 0 0 0 0 0 10 0 0 2 0 0 0 0 0
