22
0 0 8 9 0 0 0 7 9 0 0 0 7 16 2 13 19 0 18 0 10 6
0 0 0 2 0 0 5 4 16 6 13 4 2 14 14 0 10 8 0 0 0 0
11 0 0 12 0 0 0 12 0 0 0 15 0 0 0 1 2 12 0 0 0 0
5 4 0 0 11 17 1 9 7 0 13 0 6 19 0 0 12 3 10 0 0 0
16 18 6 1 0 19 0 0 0 10 0 0 0 0 0 16 11 5 16 0 17 0
7 0 18 9 15 0 18 0 11 0 16 0 3 18 0 0 0 0 0 0 17 16
0 10 10 12 4 0 0 19 0 0 2 0 0 7 4 0 2 0 3 0 0 0
0 10 1 10 0 0 0 0 0 0 0 8 0 0 0 0 2 0 0 0 0 19
0 0 13 1 0 14 0 19 0 19 0 13 8 0 6 0 0 0 0 0 0 0
0 5 0 18 12 0 0 9 0 0 0 0 6 13 0 15 19 4 11 0 5 0
10 0 0 0 0 0 16 10 0 0 0 0 0 0 5 0 0 0 0 18 0 0
0 1 16 0 14 0 9 16 0 0 0 0 4 5 7 0 1 0 0 4 0 0
0 0 2 0 0 12 0 0 0 0 0 8 0 13 8 0 0 6 0 0 0 0
9 0 13 17 12 0 12 0 8 9 0 0 0 0 0 0 0 10 0 0 0 0
19 19 0 0 0 7 0 11 14 12 7 0 9 0 0 9 15 0 0 9 7 0
0 3 0 10 0 0 9 0 0 2 0 3 1 10 16 0 17 0 0 0 0 14
0 18 0 0 0 0 0 0 0 0 0 6 0 10 0 13 0 7 0 0 0 12
0 0 10 9 0 1 0 7 0 0 0 0 0 0 6 0 17 0 19 18 3 18
17 3 18 14 9 0 18 0 8 0 17 13 0 0 17 9 2 0 0 7 2 0
0 0 17 1 14 7 11 17 0 0 0 0 1 0 0 0 19 0 0 0 0 0
0 10 0 0 17 16 0 0 7 17 0 11 10 0 0 0 3 4 5 0 0 15
14 8 18 2 0 0 10 14 0 6 3 0 0 19 2 8 10 0 0 6 17 0
