24
0 13 15 0 7 1 0 9 0 8 0 7 0 0 0 2 0 0 0 5 10 16 12 0
0 0 19 10 0 16 11 13 0 17 0 0 2 19 10 1 9 0 0 2 0 13 19 0
14 0 0 1 0 0 8 0 0 15 11 0 3 0 7 7 12 0 0 5 11 0 0 7
0 12 18 0 0 19 15 4 0 0 0 5 5 0 0 16 3 0 18 0 0 0 6 19
0 11 0 0 0 0 0 0 0 0 1 12 7 0 17 11 0 1 0 15 16 0 19 9
15 7 3 12 11 0 16 7 10 0 10 4 16 6 0 0 4 3 15 0 6 0 0 7
12 17 17 1 0 0 0 0 0 0 0 17 0 0 9 14 0 0 3 0 14 11 0 0
0 0 7 17 4 0 0 0 0 0 13 0 0 0 1 10 12 15 0 0 5 3 14 0
12 0 18 0 4 0 0 0 0 5 16 13 0 0 19 16 10 12 0 19 0 2 0 0
0 0 0 2 0 0 0 19 14 0 0 0 1 16 16 0 0 14 0 3 1 9 0 0
0 14 0 0 2 5 0 0 0 14 0 6 0 7 0 7 16 0 17 15 0 1 10 0
15 0 0 4 0 5 0 3 0 0 0 0 19 0 0 12 12 0 0 0 16 13 0 1
0 14 0 0 3 0 0 13 1 0 0 16 0 0 0 0 0 0 0 7 0 0 14 6
0 12 0 9 0 6 16 18 0 2 17 0 12 0 0 17 14 6 0 12 10 0 13 0
16 0 0 13 17 0 6 0 3 0 11 16 12 13 0 7 0 12 0 0 0 3 0 0
0 11 11 0 0 3 19 0 0 0 0 3 9 0 11 0 0 5 0 9 1 5 0 0
19 0 9 10 0 1 11 0 0 13 0 0 16 10 14 12 0 6 0 12 2 0 0 19
0 0 0 11 0 0 13 13 6 0 0 5 0 0 3 19 0 0 12 0 0 0 0 11
0 0 0 0 0 0 8 16 0 10 16 0 0 0 7 19 0 0 0 6 0 2 11 0
0 0 0 0 0 2 0 9 9 0 0 12 0 0 19 10 2 0 0 0 0 0 9 0
12 0 0 0 10 0 0 18 8 0 0 0 0 0 0 7 0 10 0 8 0 10 13 0
0 0 0 6 0 0 0 0 6 0 0 0 0 0 0 0 0 0 14 8 0 0 0 0
13 0 13 0 11 15 7 0 0 6 0 9 10 5 0 0 1 0 1 0 0 3 0 0
2 14 0 0 10 18 0 6 18 0 0 14 0 0 0 0 9 0 0 0 9 4 0 0
