23
0 1 9 0 0 0 0 7 0 1 18 6 1 14 0 17 0 0 1 0 16 6 17
1 0 0 0 10 6 0 0 17 0 0 13 6 7 0 0 0 0 15 0 0 2 0
9 0 0 0 5 0 0 1 0 0 15 15 11 0 0 0 0 16 0 14 8 0 0
0 0 0 0 0 2 2 3 10 15 0 0 7 2 0 19 0 13 0 6 0 0 0
0 10 5 0 0 16 0 0 9 0 0 0 10 15 0 6 0 0 0 0 0 18 4
0 6 0 2 16 0 0 11 5 16 0 0 0 15 0 12 7 16 0 2 0 2 0
0 0 0 2 0 0 0 14 0 18 0 0 7 7 1 7 0 0 15 0 3 0 13
7 0 1 3 0 11 14 0 2 8 0 16 0 1 1 10 14 16 0 0 0 0 13
0 17 0 10 9 5 0 2 0 0 4 11 0 0 0 0 13 0 0 5 14 0 0
1 0 0 15 0 16 18 8 0 0 16 15 0 0 0 0 0 13 0 10 6 0 3
18 0 15 0 0 0 0 0 4 16 0 0 0 0 0 0 15 15 11 0 0 11 0
6 13 15 0 0 0 0 16 11 15 0 0 7 0 1 0 0 11 0 0 0 4 0
1 6 11 7 10 0 7 0 0 0 0 7 0 12 11 2 0 0 0 16 0 0 0
14 7 0 2 15 15 7 1 0 0 0 0 12 0 0 15 0 0 0 0 5 19 15
0 0 0 0 0 0 1 1 0 0 0 1 11 0 0 0 0 16 4 10 6 0 0
17 0 0 19 6 12 7 10 0 0 0 0 2 15 0 0 0 18 0 0 0 0 13
0 0 0 0 0 7 0 14 13 0 15 0 0 0 0 0 0 0 0 7 18 0 0
0 0 16 13 0 16 0 16 0 13 15 11 0 0 16 18 0 0 7 0 19 12 10
1 15 0 0 0 0 15 0 0 0 11 0 0 0 4 0 0 7 0 0 0 0 0
0 0 14 6 0 2 0 0 5 10 0 0 16 0 10 0 7 0 0 0 0 0 0
16 0 8 0 0 0 3 0 14 6 0 0 0 5 6 0 18 19 0 0 0 6 0
6 2 0 0 18 2 0 0 0 0 11 4 0 19 0 0 0 12 0 0 6 0 4
17 0 0 0 4 0 13 13 0 3 0 0 0 15 0 13 0 10 0 0 0 4 0
