32
0 0 5 0 0 0 0 2 0 0 0 0 4 8 0 15 0 0 2 0 3 0 16 0 1 7 9 18 13 0 4 0
0 0 6 0 0 16 9 15 0 0 3 0 14 1 2 0 0 14 0 7 0 5 5 0 7 0 0 0 18 0 0 9
0 15 0 0 0 0 0 0 0 14 0 2 0 0 3 0 17 4 1 9 17 16 0 0 6 0 12 0 0 2 15 0
14 0 14 0 8 0 0 13 0 0 3 0 3 15 2 15 0 8 0 0 14 0 0 0 16 2 0 0 11 0 0 0
4 4 0 0 0 6 0 0 0 1 0 0 0 4 0 9 0 11 0 15 0 7 0 0 14 0 0 14 0 2 0 0
6 10 0 1 4 0 0 0 2 0 0 11 0 0 16 0 17 0 0 8 0 3 0 0 16 0 7 0 2 0 4 9
14 0 0 18 0 0 0 0 0 0 16 0 0 0 0 5 0 4 0 4 0 5 2 0 0 0 0 0 19 0 0 2
0 0 17 0 15 16 0 0 0 0 17 0 2 9 0 0 0 0 0 9 9 0 0 3 10 0 0 13 0 10 16 0
0 4 0 5 5 6 0 0 0 12 8 17 10 0 10 12 6 0 0 0 0 0 0 13 12 0 0 0 0 10 3 0
3 5 5 0 2 18 15 0 6 0 19 10 9 0 11 0 0 0 10 0 13 12 0 0 0 6 16 17 0 15 6 0
17 19 1 11 5 1 0 0 0 0 0 0 0 0 0 0 0 0 0 4 18 0 10 17 5 0 0 0 15 7 0 13
0 10 0 0 0 0 0 15 0 0 2 0 15 0 0 0 16 13 0 0 9 0 0 18 0 0 0 0 12 0 0 9
0 0 3 19 0 4 0 0 0 0 9 18 0 8 19 0 11 16 3 0 0 0 0 0 0 0 7 0 12 0 2 14
4 0 0 0 0 0 7 6 0 9 0 14 16 0 0 5 5 0 11 0 2 0 0 7 3 11 0 0 0 0 0 8
11 0 0 16 12 18 19 1 0 0 17 14 0 0 0 15 8 1 0 1 18 9 3 0 1 0 0 0 0 18 0 7
9 11 18 0 4 0 11 11 9 0 0 0 11 19 0 0 5 8 12 8 0 0 9 0 0 6 16 0 0 9 7 12
3 9 0 18 0 0 8 5 9 0 0 4 0 0 18 0 0 0 0 7 0 18 2 16 18 0 0 16 6 2 0 0
18 0 15 0 17 0 0 0 0 7 0 0 0 0 0 12 9 0 13 0 9 0 5 0 3 2 3 0 0 0 0 0
0 0 2 0 7 0 0 9 0 12 16 14 0 0 7 8 0 16 0 0 8 0 7 5 1 4 2 15 18 0 19 0
16 15 8 10 0 5 6 4 14 2 19 0 5 15 14 0 0 0 0 0 0 0 9 0 0 12 0 9 0 0 15 0
18 0 0 0 5 12 0 9 8 9 0 0 12 0 0 0 0 14 0 19 0 0 0 0 0 0 12 2 0 13 2 6
9 0 0 2 17 16 17 0 11 0 15 0 0 9 1 10 0 0 0 8 0 0 0 0 17 2 0 6 9 17 4 0
5 0 12 10 0 13 0 0 17 0 0 19 14 1 0 14 12 5 16 0 0 0 0 6 12 0 0 18 0 0 0 0
19 5 0 0 4 7 0 0 0 10 0 2 0 11 0 15 15 13 1 0 0 0 7 0 12 1 6 17 0 8 0 0
0 0 0 0 0 9 1 3 0 0 6 14 14 0 0 1 0 0 4 7 6 7 0 2 0 13 8 0 0 0 0 18
16 0 14 0 0 0 11 11 0 0 0 0 10 0 12 0 0 6 0 0 12 9 0 5 2 0 0 0 0 3 4 7
18 0 8 1 0 16 17 0 0 0 0 12 3 3 9 14 0 0 0 0 17 0 0 0 0 7 0 15 0 0 0 0
0 0 0 6 0 0 0 5 7 10 10 0 7 0 14 0 0 19 17 4 0 18 0 17 0 5 0 0 2 18 0 0
0 0 8 0 0 0 3 12 0 0 0 3 5 0 0 0 0 12 17 19 0 0 0 8 17 0 0 0 0 4 14 0
7 0 0 0 0 2 5 1 0 15 15 18 0 0 4 0 0 7 5 0 3 18 0 0 0 3 0 0 11 0 3 0
13 1 2 0 0 0 1 0 0 0 0 0 4 0 0 0 13 0 0 15 4 10 6 0 8 0 9 10 0 9 0 0
3 0 1 0 0 0 12 0 0 0 0 0 16 0 0 0 8 0 0 15 0 0 13 0 0 0 0 0 2 0 0 0
