23
0 4 15 0 15 0 15 1 17 14 2 19 0 0 0 3 0 0 7 12 18 0 0
4 0 15 19 0 0 8 6 4 0 13 2 5 14 0 13 14 0 0 10 0 0 11
15 15 0 0 0 0 4 11 19 8 18 0 0 0 0 14 4 0 0 5 0 0 2
0 19 0 0 5 0 10 0 14 12 11 18 0 0 0 0 12 1 5 0 0 0 0
15 0 0 5 0 0 0 0 0 4 8 0 0 0 5 1 0 15 0 3 1 0 8
0 0 0 0 0 0 0 3 0 5 0 0 14 0 14 11 0 0 0 15 17 0 18
15 8 4 10 0 0 0 1 0 0 0 0 0 3 0 0 5 0 0 11 5 0 5
1 6 11 0 0 3 1 0 0 18 0 0 12 0 0 0 6 0 18 0 0 0 0
17 4 19 14 0 0 0 0 0 0 13 3 0 0 9 0 0 0 0 13 0 0 0
14 0 8 12 4 5 0 18 0 0 14 0 13 0 12 15 0 3 0 0 11 1 10
2 13 18 11 8 0 0 0 13 14 0 19 0 2 0 0 0 0 3 0 10 10 17
19 2 0 18 0 0 0 0 3 0 19 0 12 10 0 6 5 10 0 0 12 0 6
0 5 0 0 0 14 0 12 0 13 0 12 0 0 12 0 0 0 0 0 0 4 0
0 14 0 0 0 0 3 0 0 0 2 10 0 0 0 8 19 0 5 8 0 0 0
0 0 0 0 5 14 0 0 9 12 0 0 12 0 0 0 4 12 0 18 18 0 14
3 13 14 0 1 11 0 0 0 15 0 6 0 8 0 0 0 16 0 14 14 0 0
0 14 4 12 0 0 5 6 0 0 0 5 0 19 4 0 0 0 9 0 12 0 2
0 0 0 1 15 0 0 0 0 3 0 10 0 0 12 16 0 0 8 14 0 4 17
7 0 0 5 0 0 0 18 0 0 3 0 0 5 0 0 9 8 0 0 0 7 0
12 10 5 0 3 15 11 0 13 0 0 0 0 8 18 14 0 14 0 0 11 6 13
18 0 0 0 1 17 5 0 0 11 10 12 0 0 18 14 12 0 0 11 0 0 16
0 0 0 0 0 0 0 0 0 1 10 0 4 0 0 0 0 4 7 6 0 0 11
0 11 2 0 8 18 5 0 0 10 17 6 0 0 14 0 2 17 0 13 16 11 0
