39
0 0 6 17 0 5 0 0 10 0 2 0 0 1 0 0 0 14 0 12 0 0 7 0 0 14 2 4 0 12 0 0 18 0 0 0 2 0 1
0 0 0 4 0 0 0 1 5 11 0 18 3 13 19 0 0 0 0 0 0 0 16 0 12 9 6 0 0 0 19 0 0 13 14 0 6 7 7
6 0 0 12 0 15 0 10 0 0 13 14 1 0 2 7 16 4 0 0 17 0 0 6 17 0 19 0 3 0 0 9 12 0 6 0 0 5 0
17 4 12 0 10 0 14 0 0 0 0 8 5 0 0 0 0 17 0 0 10 8 15 0 13 0 0 10 17 6 11 9 0 0 18 0 0 17 0
0 0 0 10 0 0 12 7 19 6 0 1 8 0 0 16 6 0 0 0 0 18 15 0 0 0 17 12 2 13 0 14 19 17 0 2 0 16 0
5 0 15 0 0 0 0 0 0 17 0 15 0 4 0 11 0 17 8 0 16 0 10 0 11 17 3 12 0 0 0 4 12 0 0 19 12 0 16
0 0 0 14 12 0 0 0 0 0 0 14 14 0 0 19 15 0 13 0 9 13 0 8 17 13 0 15 13 0 0 0 3 0 18 0 1 10 10
0 1 10 0 7 0 0 0 0 0 4 0 0 19 4 18 16 19 3 0 0 15 0 7 0 0 2 0 2 0 18 0 17 12 17 0 13 16 0
10 5 0 0 19 0 0 0 0 13 0 0 0 5 0 10 19 0 0 0 0 0 2 0 0 0 9 0 0 18 13 10 0 10 11 0 0 7 11
0 11 0 0 6 17 0 0 13 0 0 15 4 0 0 0 12 10 10 3 19 0 19 19 0 0 0 0 9 6 11 0 7 0 13 19 0 0 0
2 0 13 0 0 0 0 4 0 0 0 0 19 18 12 5 0 19 0 15 7 9 0 2 2 10 0 0 17 3 0 0 2 3 1 0 0 0 2
0 18 14 8 1 15 14 0 0 15 0 0 19 9 0 6 0 0 0 0 12 4 0 0 0 0 0 17 4 12 17 5 0 0 5 2 15 19 16
0 3 1 5 8 0 14 0 0 4 19 19 0 0 0 3 0 9 6 0 0 0 0 0 13 0 10 0 0 1 0 17 18 0 2 11 0 4 6
1 13 0 0 0 4 0 19 5 0 18 9 0 0 18 15 0 12 0 0 0 16 0 12 0 11 3 5 0 0 14 0 0 0 14 17 0 0 0
0 19 2 0 0 0 0 4 0 0 12 0 0 18 0 0 0 10 15 18 1 10 0 0 0 3 0 0 16 0 3 4 6 0 11 11 0 4 6
0 0 7 0 16 11 19 18 10 0 5 6 3 15 0 0 0 19 7 4 1 11 8 14 3 3 0 19 18 0 0 0 0 0 0 0 0 18 10
0 0 16 0 6 0 15 16 19 12 0 0 0 0 0 0 0 19 0 0 0 12 0 6 8 12 0 0 0 17 0 17 0 15 7 0 14 6 0
14 0 4 17 0 17 0 19 0 10 19 0 9 12 10 19 19 0 5 0 0 3 15 0 14 17 0 8 9 19 0 0 0 15 6 0 0 0 0
0 0 0 0 0 8 13 3 0 10 0 0 6 0 15 7 0 5 0 9 0 6 15 8 0 13 0 0 0 0 3 0 0 16 2 0 0 0 0
12 0 0 0 0 0 0 0 0 3 15 0 0 0 18 4 0 0 9 0 0 14 14 0 0 2 6 0 0 0 10 0 16 4 0 0 0 11 0
0 0 17 10 0 16 9 0 0 19 7 12 0 0 1 1 0 0 0 0 0 3 7 2 0 0 0 13 0 0 8 0 0 0 0 6 0 7 0
0 0 0 8 18 0 13 15 0 0 9 4 0 16 10 11 12 3 6 14 3 0 0 0 0 13 0 0 13 0 0 0 3 0 11 11 8 13 19
7 16 0 15 15 10 0 0 2 19 0 0 0 0 0 8 0 15 15 14 7 0 0 15 0 0 6 12 0 3 17 0 19 0 0 11 0 0 0
0 0 6 0 0 0 8 7 0 19 2 0 0 12 0 14 6 0 8 0 2 0 15 0 4 17 0 14 13 0 12 9 10 0 9 15 0 0 0
0 12 17 13 0 11 17 0 0 0 2 0 13 0 0 3 8 14 0 0 0 0 0 4 0 15 6 16 0 0 0 4 3 0 6 5 18 0 10
14 9 0 0 0 17 13 0 0 0 10 0 0 11 3 3 12 17 13 2 0 13 0 17 15 0 18 0 1 0 16 3 0 0 15 3 0 0 0
2 6 19 0 17 3 0 2 9 0 0 0 10 3 0 0 0 0 0 6 0 0 6 0 6 18 0 18 0 0 0 13 7 0 17 3 16 0 0
4 0 0 10 12 12 15 0 0 0 0 17 0 5 0 19 0 8 0 0 13 0 12 14 16 0 18 0 0 0 15 14 0 0 1 0 1 0 13
0 0 3 17 2 0 13 2 0 9 17 4 0 0 16 18 0 9 0 0 0 13 0 13 0 1 0 0 0 0 2 0 1 0 0 3 0 0 0
12 0 0 6 13 0 0 0 18 6 3 12 1 0 0 0 17 19 0 0 0 0 3 0 0 0 0 0 0 0 0 0 0 0 19 0 14 18 0
0 19 0 11 0 0 0 18 13 11 0 17 0 14 3 0 0 0 3 10 8 0 17 12 0 16 0 15 2 0 0 0 0 0 0 17 8 0 3
0 0 9 9 14 4 0 0 10 0 0 5 17 0 4 0 17 0 0 0 0 0 0 9 4 3 13 14 0 0 0 0 0 0 0 0 18 0 10
18 0 12 0 19 12 3 17 0 7 2 0 18 0 6 0 0 0 0 16 0 3 19 10 3 0 7 0 1 0 0 0 0 0 9 0 6 0 0
0 13 0 0 17 0 0 12 10 0 3 0 0 0 0 0 15 15 16 4 0 0 0 0 0 0 0 0 0 0 0 0 0 0 10 5 7 0 0
0 14 6 18 0 0 18 17 11 13 1 5 2 14 11 0 7 6 2 0 0 11 0 9 6 15 17 1 0 19 0 0 9 10 0 0 0 5 0
0 0 0 0 2 19 0 0 0 19 0 2 11 17 11 0 0 0 0 0 6 11 11 15 5 3 3 0 3 0 17 0 0 5 0 0 0 12 0
2 6 0 0 0 12 1 13 0 0 0 15 0 0 0 0 14 0 0 0 0 8 0 0 18 0 16 1 0 14 8 18 6 7 0 0 0 17 9
0 7 5 17 16 0 10 16 7 0 0 19 4 0 4 18 6 0 0 11 7 13 0 0 0 0 0 0 0 18 0 0 0 0 5 12 17 0 9
1 7 0 0 0 16 10 0 11 0 2 16 6 0 6 10 0 0 0 0 0 19 0 0 10 0 0 13 0 0 3 10 0 0 0 0 9 9 0
