52
0 0 0 0 0 0 10 13 0 10 0 0 0 0 16 0 0 0 0 18 3 0 19 0 7 0 0 0 15 0 0 0 0 10 0 14 0 2 0 4 10 12 3 4 5 0 17 0 0 0 0 0
0 0 0 0 0 0 8 2 0 18 4 0 0 0 0 12 0 0 2 6 0 0 0 0 0 0 0 0 0 2 0 0 0 0 6 12 19 0 4 0 0 6 0 12 0 5 0 7 19 0 19 0
2 0 0 0 8 11 0 0 5 8 0 8 0 0 0 1 0 0 14 10 0 14 0 16 15 18 0 6 4 0 8 0 4 0 17 0 0 2 0 0 0 0 0 0 0 14 0 19 0 18 0 0
2 11 0 0 7 0 0 0 10 1 0 0 13 0 0 13 0 0 0 0 16 0 19 19 0 8 12 0 11 0 12 0 17 15 15 0 0 0 18 0 0 0 8 0 0 0 7 0 1 6 14 0
7 0 2 14 0 9 0 0 11 0 0 0 0 0 0 16 18 0 11 0 0 0 0 0 0 0 18 11 3 5 0 0 0 0 0 0 0 0 0 12 0 11 0 4 0 0 0 0 0 0 4 0
0 0 4 3 0 0 4 8 0 14 9 0 0 0 0 15 0 13 0 0 3 0 9 7 0 0 0 0 0 14 18 0 0 0 0 0 2 12 0 17 5 0 0 2 6 17 0 3 14 16 17 0
16 0 13 0 17 0 0 0 0 15 3 0 8 0 0 0 0 0 7 0 3 8 0 0 0 0 0 16 10 0 17 0 0 0 8 10 0 8 0 9 0 0 0 9 3 0 19 0 15 1 0 0
0 0 0 0 12 7 0 0 7 0 0 14 0 0 0 0 4 0 0 10 8 0 11 0 11 0 9 9 0 17 0 0 0 11 0 6 9 0 0 17 4 13 8 0 0 0 0 1 6 2 11 0
4 0 9 0 10 0 3 2 0 18 0 0 18 0 10 12 15 6 8 0 0 14 0 0 0 17 0 0 0 17 0 0 10 3 2 12 0 0 0 14 11 1 0 15 0 0 0 0 12 0 0 0
0 15 4 0 17 0 5 0 0 0 0 7 19 0 0 0 4 11 14 3 0 0 7 2 17 0 18 18 0 15 2 0 15 16 16 16 0 11 0 4 2 0 0 15 0 0 3 0 5 0 7 0
0 0 15 0 6 0 1 0 16 0 0 0 0 14 4 0 0 0 0 0 9 0 0 0 5 6 0 18 0 3 0 17 0 0 11 8 0 8 0 12 13 9 2 0 0 11 0 0 3 4 15 3
7 0 0 19 15 1 0 0 0 14 15 0 0 0 0 2 0 0 4 0 4 0 0 2 0 0 15 0 8 0 14 11 0 2 0 3 0 0 0 0 0 18 13 0 17 17 6 0 11 3 19 4
2 0 1 0 0 8 0 17 0 0 0 1 0 14 0 0 4 0 0 0 19 1 17 0 0 0 0 0 0 0 0 19 14 6 13 0 0 0 0 8 0 8 4 3 12 4 5 0 7 8 0 0
0 12 0 0 0 0 0 0 9 18 14 0 17 0 0 12 0 0 16 16 6 0 8 0 18 0 18 12 8 1 19 0 0 6 0 0 0 16 0 18 0 0 8 0 19 0 0 1 0 9 2 1
0 10 0 3 0 0 0 4 0 4 0 0 0 0 0 3 0 0 0 0 0 4 0 0 7 0 15 10 0 5 5 4 19 0 0 14 9 0 0 2 0 6 15 4 18 5 3 0 0 0 0 8
8 11 19 8 15 0 4 0 0 13 0 0 0 15 0 0 13 0 2 19 0 0 0 9 9 0 19 15 0 4 1 15 13 0 0 3 18 9 8 1 0 0 0 0 2 1 12 5 0 0 0 1
10 15 0 2 0 0 9 0 0 0 0 0 0 0 18 8 0 13 0 0 12 0 0 0 1 8 12 0 0 4 0 6 1 0 17 0 5 10 8 0 0 0 0 0 0 7 0 0 0 7 0 0
1 0 0 19 8 12 0 15 5 9 13 19 15 0 7 13 1 0 0 0 14 0 13 0 1 0 6 19 2 0 0 0 0 0 15 0 0 0 7 14 0 0 0 0 0 11 0 0 0 10 0 0
13 1 0 1 0 0 0 0 0 0 16 0 0 0 18 0 0 3 0 14 0 16 0 0 0 15 0 0 18 0 2 0 13 0 0 6 0 10 0 0 5 0 6 12 0 13 0 8 11 0 0 13
0 0 0 0 0 12 0 0 17 0 0 16 16 0 5 9 0 18 10 0 6 11 0 0 0 9 0 8 0 6 0 0 0 2 14 15 1 6 18 10 0 16 0 0 0 0 0 0 0 0 14 17
0 18 0 13 8 0 0 8 4 16 0 12 0 10 0 4 0 0 6 11 0 0 9 0 0 0 0 0 0 0 13 0 6 0 19 0 13 4 0 8 0 15 0 0 11 10 2 0 18 0 0 18
0 0 0 1 15 0 0 5 19 4 0 2 0 0 0 0 4 0 0 0 0 0 6 15 0 2 16 4 0 0 6 0 0 0 0 0 18 0 8 0 18 0 1 3 0 0 19 13 0 0 16 2
0 4 9 0 0 0 9 0 12 1 8 5 0 8 16 1 2 0 0 0 0 1 0 2 11 0 0 0 17 0 0 6 0 0 8 3 8 15 19 13 0 6 3 0 0 0 15 10 0 4 1 0
16 0 0 7 10 0 0 15 0 13 0 14 0 0 17 0 1 0 14 0 0 2 3 0 0 0 0 0 0 0 0 17 4 0 18 0 14 13 11 0 12 0 0 0 18 0 0 0 0 0 7 13
0 0 0 6 17 10 16 12 9 0 2 0 0 18 0 0 18 0 0 1 8 7 16 0 0 0 4 15 0 0 1 0 0 0 0 10 0 9 3 18 2 0 0 17 0 13 12 17 0 4 1 0
1 18 11 13 0 0 0 19 5 0 0 16 0 0 0 0 15 0 0 15 13 0 0 0 0 0 0 0 9 0 0 13 12 13 14 0 14 0 0 9 0 0 0 0 9 0 0 6 0 15 0 3
0 0 3 0 0 4 3 0 0 11 18 12 0 0 14 0 0 2 16 2 5 11 0 17 9 0 0 15 0 0 14 7 0 12 0 0 0 14 0 0 8 0 16 0 0 0 13 10 0 0 0 0
12 12 0 16 0 17 0 3 0 11 3 0 0 6 1 3 19 6 13 9 18 0 0 3 0 6 0 0 0 15 12 5 0 19 2 0 0 0 0 0 9 0 0 18 0 10 17 11 15 0 0 8
0 1 2 0 7 0 17 9 5 0 0 0 10 2 5 14 0 2 3 0 17 19 17 0 16 0 0 13 0 11 13 0 19 0 0 0 16 0 19 4 10 17 0 0 0 0 14 0 0 0 11 12
0 11 0 7 0 0 9 19 4 7 19 19 0 6 0 0 0 0 9 0 0 1 4 0 4 0 0 1 10 0 0 17 16 11 0 0 17 0 3 0 0 10 0 0 10 12 0 17 3 0 1 11
0 0 0 14 0 0 10 15 0 0 0 0 0 16 0 0 0 0 17 8 0 0 3 14 15 16 14 14 14 0 0 3 11 0 7 0 1 19 0 0 5 8 0 2 0 10 7 15 0 0 0 0
19 9 0 19 14 0 0 2 6 0 0 0 8 0 0 0 0 19 4 17 0 0 0 7 0 0 0 0 5 0 0 0 8 0 14 0 2 11 0 11 4 19 0 17 0 0 11 15 16 0 8 0
18 5 0 0 17 0 10 7 16 0 9 15 4 0 0 0 10 0 10 0 0 0 0 0 18 10 0 13 6 0 4 2 0 0 0 0 10 0 0 8 11 4 0 0 11 7 0 0 0 0 0 4
1 0 0 4 12 0 5 0 16 17 0 0 17 0 0 2 5 19 0 0 0 8 0 9 0 0 12 0 0 0 15 0 0 0 12 5 0 2 0 0 8 0 14 0 14 0 0 0 0 9 0 8
0 0 10 0 0 15 1 0 2 1 0 10 0 19 5 0 17 0 18 0 16 4 0 0 1 12 7 0 0 0 0 10 8 0 0 0 8 2 19 17 0 5 13 9 0 0 16 6 16 0 19 0
0 0 0 0 6 0 7 14 16 10 10 0 2 2 0 17 0 16 7 11 0 17 0 17 0 0 0 0 13 0 14 0 0 4 0 0 9 17 0 0 0 0 0 0 0 14 10 0 6 6 9 6
5 0 0 4 19 2 6 15 7 5 0 0 0 0 0 8 1 0 0 0 0 0 16 0 12 0 0 18 5 9 0 0 0 12 0 2 0 16 12 3 2 1 9 18 3 0 0 0 0 15 6 0
11 0 0 15 13 0 15 2 14 8 3 16 0 16 0 13 0 0 4 0 16 0 0 5 9 0 0 0 17 0 0 0 17 19 0 0 16 0 0 12 0 0 0 0 5 0 16 13 0 0 12 11
5 16 6 0 10 7 0 0 0 5 0 4 18 0 0 9 0 14 0 0 17 0 0 0 12 0 0 9 7 0 10 0 0 5 0 19 8 11 0 8 0 13 11 0 13 0 0 14 0 13 0 0
2 19 0 10 0 2 2 0 0 7 0 0 6 4 12 7 0 0 0 0 0 0 0 15 7 6 18 3 16 9 0 0 7 0 0 10 9 0 0 0 0 18 3 16 0 0 0 0 0 0 11 1
0 0 8 0 19 0 0 12 0 4 0 0 0 5 17 7 12 8 19 7 16 0 0 0 5 0 0 0 0 0 12 0 0 0 5 2 19 0 6 0 0 0 19 3 8 11 6 0 12 0 17 1
11 0 3 0 0 9 0 15 0 0 5 0 6 14 0 4 0 0 13 3 0 6 14 0 19 14 0 0 0 7 9 0 16 11 0 7 0 0 0 3 13 0 1 11 10 18 0 5 0 0 0 1
16 0 0 14 6 0 19 19 0 0 0 0 19 16 0 0 0 0 17 0 6 0 0 6 0 0 0 13 0 4 6 0 2 0 13 0 4 0 6 4 0 0 0 8 6 0 0 0 5 0 0 17
0 0 18 0 0 8 7 0 0 15 6 0 0 0 2 8 0 11 0 0 9 5 12 4 0 12 14 4 0 0 18 0 4 11 0 1 17 13 14 0 0 14 0 0 1 17 2 7 0 0 17 2
0 0 12 12 0 5 12 0 12 17 4 0 0 18 0 0 10 0 19 9 0 0 0 13 0 0 0 14 0 6 2 10 9 3 2 0 0 0 19 0 0 19 16 0 0 0 0 0 0 0 0 7
16 14 0 0 0 0 13 0 0 14 5 0 0 0 0 12 0 13 5 11 0 0 0 7 11 0 5 18 9 0 0 9 0 5 0 0 0 1 4 0 0 3 0 0 0 0 11 9 0 17 0 0
0 0 0 19 14 3 0 8 2 0 0 0 0 8 0 3 4 5 2 4 0 0 0 0 17 0 0 15 13 0 18 0 14 15 0 0 9 12 0 0 0 12 0 3 0 12 0 3 0 11 0 0
3 0 8 15 18 0 0 0 0 0 0 11 19 0 0 0 0 8 0 0 11 4 0 19 0 0 0 7 0 9 0 0 0 9 18 16 0 1 0 17 0 0 0 12 0 0 13 0 9 0 0 10
11 0 3 12 12 12 2 0 11 0 12 0 0 0 0 3 9 0 4 0 16 0 0 9 12 8 0 0 0 0 13 5 7 8 16 5 17 0 0 17 0 0 18 13 7 0 0 12 0 2 16 0
0 0 0 0 11 1 1 0 11 0 0 0 0 0 0 4 0 0 0 16 0 0 0 0 0 0 4 7 13 0 16 0 3 0 0 18 0 0 0 0 0 11 0 7 5 1 0 0 9 0 2 0
0 0 0 0 5 0 2 7 0 11 0 0 1 14 0 15 3 0 12 3 7 9 11 0 0 15 0 0 0 6 16 12 13 18 16 0 0 18 8 7 13 0 0 0 0 0 0 0 0 0 0 0
8 0 0 7 2 0 0 0 0 6 0 4 18 5 2 5 0 0 6 0 12 0 18 0 9 0 17 0 0 0 0 5 14 0 0 16 18 0 11 0 18 0 0 0 0 0 0 0 0 14 0 0
