42
0 0 0 0 2 0 0 0 18 16 0 0 18 10 17 0 0 7 0 15 13 0 0 0 0 16 19 12 2 0 0 0 0 4 17 2 4 0 0 0 2 14
0 0 0 8 0 0 15 18 2 0 19 0 0 0 0 4 6 3 0 0 19 0 13 0 0 0 0 11 0 0 3 13 10 1 0 4 0 0 0 0 0 0
0 0 0 0 19 0 0 2 19 0 0 0 0 0 14 16 3 18 0 0 0 0 0 16 0 2 0 0 0 0 0 13 5 7 0 0 1 0 0 5 0 17
0 8 0 0 9 0 0 0 8 0 0 0 0 0 4 0 0 2 7 0 0 0 16 14 10 0 8 0 9 0 10 0 0 10 10 0 0 0 0 12 7 0
2 0 19 9 0 0 0 5 12 3 0 16 17 11 15 18 7 0 1 19 0 0 0 0 0 16 0 0 2 18 0 0 0 0 2 12 16 0 0 0 8 0
0 0 0 0 0 0 1 0 1 0 0 2 0 0 0 3 5 7 0 14 1 1 18 0 7 0 0 0 0 1 0 0 0 0 0 6 16 19 18 0 0 15
0 15 0 0 0 1 0 6 3 0 0 0 0 0 0 0 3 5 8 0 0 16 14 8 17 11 0 0 0 9 0 13 0 0 17 0 0 14 0 12 0 8
0 18 2 0 5 0 6 0 3 0 0 0 7 0 0 4 7 0 0 0 10 0 0 17 0 0 6 0 0 0 16 0 0 0 0 0 0 2 0 0 3 15
18 2 19 8 12 1 3 3 0 0 0 0 0 0 9 1 0 19 0 0 0 6 0 18 15 17 5 0 0 12 0 2 0 5 18 0 0 0 18 19 0 0
16 0 0 0 3 0 0 0 0 0 5 15 0 4 10 0 0 7 0 12 0 1 16 5 0 15 0 0 0 0 0 0 0 14 16 1 0 8 7 1 0 0
0 19 0 0 0 0 0 0 0 5 0 0 4 15 6 0 15 0 0 0 0 12 0 0 0 0 0 0 6 13 0 0 4 0 0 19 8 11 4 0 0 0
0 0 0 0 16 2 0 0 0 15 0 0 0 0 12 10 0 8 0 0 0 5 0 10 19 16 0 0 0 0 0 4 0 8 0 0 0 13 0 8 0 0
18 0 0 0 17 0 0 7 0 0 4 0 0 0 0 14 13 0 0 0 0 16 0 14 11 0 0 0 6 6 0 6 0 6 0 0 0 7 9 0 0 7
10 0 0 0 11 0 0 0 0 4 15 0 0 0 0 14 0 5 0 0 19 15 0 9 13 0 0 12 2 7 0 8 2 0 14 17 15 0 0 0 0 0
17 0 14 4 15 0 0 0 9 10 6 12 0 0 0 11 0 0 8 11 15 0 0 0 4 0 0 0 0 0 0 18 12 5 0 8 10 0 1 0 0 0
0 4 16 0 18 3 0 4 1 0 0 10 14 14 11 0 0 0 2 0 0 0 0 0 0 0 0 0 19 0 0 17 0 16 0 0 6 0 0 0 6 0
0 6 3 0 7 5 3 7 0 0 15 0 13 0 0 0 0 0 0 0 0 7 11 5 8 6 16 3 0 0 18 19 0 5 0 0 0 0 0 0 0 15
7 3 18 2 0 7 5 0 19 7 0 8 0 5 0 0 0 0 16 13 12 18 0 0 6 3 0 0 13 9 0 5 7 11 10 0 11 0 0 0 0 0
0 0 0 7 1 0 8 0 0 0 0 0 0 0 8 2 0 16 0 0 0 16 19 0 0 16 0 0 0 14 7 4 0 7 0 18 0 0 0 0 0 14
15 0 0 0 19 14 0 0 0 12 0 0 0 0 11 0 0 13 0 0 0 0 10 5 0 0 16 0 6 0 0 8 0 11 0 0 0 0 0 0 4 0
13 19 0 0 0 1 0 10 0 0 0 0 0 19 15 0 0 12 0 0 0 0 11 0 0 9 9 4 0 12 0 8 11 12 0 12 3 0 2 8 0 0
0 0 0 0 0 1 16 0 6 1 12 5 16 15 0 0 7 18 16 0 0 0 14 0 0 9 8 19 17 19 0 0 0 9 4 6 6 2 17 0 8 13
0 13 0 16 0 18 14 0 0 16 0 0 0 0 0 0 11 0 19 10 11 14 0 0 0 0 0 7 8 13 3 14 0 0 6 0 5 0 0 5 0 0
0 0 16 14 0 0 8 17 18 5 0 10 14 9 0 0 5 0 0 5 0 0 0 0 0 0 5 19 19 0 0 0 11 4 0 18 0 1 0 10 0 1
0 0 0 10 0 7 17 0 15 0 0 19 11 13 4 0 8 6 0 0 0 0 0 0 0 16 1 0 8 10 0 0 12 6 2 14 10 0 16 0 0 0
16 0 2 0 16 0 11 0 17 15 0 16 0 0 0 0 6 3 16 0 9 9 0 0 16 0 0 1 13 0 14 0 19 0 16 0 0 18 1 5 0 0
19 0 0 8 0 0 0 6 5 0 0 0 0 0 0 0 16 0 0 16 9 8 0 5 1 0 0 0 0 0 0 0 0 0 0 0 12 0 0 0 0 0
12 11 0 0 0 0 0 0 0 0 0 0 0 12 0 0 3 0 0 0 4 19 7 19 0 1 0 0 11 13 13 0 5 0 0 0 0 0 0 0 0 0
2 0 0 9 2 0 0 0 0 0 6 0 6 2 0 19 0 13 0 6 0 17 8 19 8 13 0 11 0 0 0 0 0 8 0 16 0 0 0 0 14 18
0 0 0 0 18 1 9 0 12 0 13 0 6 7 0 0 0 9 14 0 12 19 13 0 10 0 0 13 0 0 0 16 0 19 0 0 11 0 0 18 4 0
0 3 0 10 0 0 0 16 0 0 0 0 0 0 0 0 18 0 7 0 0 0 3 0 0 14 0 13 0 0 0 0 11 0 0 11 0 0 9 0 0 15
0 13 13 0 0 0 13 0 2 0 0 4 6 8 18 17 19 5 4 8 8 0 14 0 0 0 0 0 0 16 0 0 15 4 0 19 3 12 0 0 0 12
0 10 5 0 0 0 0 0 0 0 4 0 0 2 12 0 0 7 0 0 11 0 0 11 12 19 0 5 0 0 11 15 0 0 0 0 14 16 0 0 6 0
4 1 7 10 0 0 0 0 5 14 0 8 6 0 5 16 5 11 7 11 12 9 0 4 6 0 0 0 8 19 0 4 0 0 15 0 0 7 0 0 0 0
17 0 0 10 2 0 17 0 18 16 0 0 0 14 0 0 0 10 0 0 0 4 6 0 2 16 0 0 0 0 0 0 0 15 0 17 0 18 0 0 19 0
2 4 0 0 12 6 0 0 0 1 19 0 0 17 8 0 0 0 18 0 12 6 0 18 14 0 0 0 16 0 11 19 0 0 17 0 0 18 0 0 0 8
4 0 1 0 16 16 0 0 0 0 8 0 0 15 10 6 0 11 0 0 3 6 5 0 10 0 12 0 0 11 0 3 14 0 0 0 0 0 15 0 18 0
0 0 0 0 0 19 14 2 0 8 11 13 7 0 0 0 0 0 0 0 0 2 0 1 0 18 0 0 0 0 0 12 16 7 18 18 0 0 19 0 15 8
0 0 0 0 0 18 0 0 18 7 4 0 9 0 1 0 0 0 0 0 2 17 0 0 16 1 0 0 0 0 9 0 0 0 0 0 15 19 0 0 7 16
0 0 5 12 0 0 12 0 19 1 0 8 0 0 0 0 0 0 0 0 8 0 5 10 0 5 0 0 0 18 0 0 0 0 0 0 0 0 0 0 0 0
2 0 0 7 8 0 0 3 0 0 0 0 0 0 0 6 0 0 0 4 0 8 0 0 0 0 0 0 14 4 0 0 6 0 19 0 18 15 7 0 0 0
14 0 17 0 0 15 8 15 0 0 0 0 7 0 0 0 15 0 14 0 0 13 0 1 0 0 0 0 18 0 15 12 0 0 0 8 0 8 16 0 0 0
